user_10416,0.452,0.181,0.221,0.145
user_10418,0.171,0.343,0.106,0.380
user_10419,0.218,0.323,0.117,0.342
user_10423,0.247,0.339,0.104,0.310
user_10424,0.239,0.316,0.119,0.326
user_10425,0.234,0.261,0.122,0.383
user_10426,0.145,0.279,0.116,0.460
user_10429,0.155,0.457,0.105,0.284
user_1043,0.168,0.470,0.095,0.268
user_10431,0.173,0.582,0.152,0.093
user_10433,0.239,0.339,0.121,0.301
user_10434,0.250,0.337,0.114,0.299
user_10435,0.457,0.204,0.127,0.212
user_10437,0.207,0.328,0.152,0.312
user_10438,0.345,0.363,0.082,0.209
user_10439,0.102,0.495,0.112,0.291
user_1044,0.235,0.296,0.133,0.335
user_10440,0.246,0.339,0.127,0.288
user_10441,0.220,0.315,0.119,0.346
user_10442,0.204,0.414,0.098,0.285
user_10443,0.251,0.473,0.098,0.178
user_10444,0.346,0.342,0.091,0.221
user_10445,0.227,0.345,0.119,0.309
user_10446,0.227,0.370,0.119,0.284
user_10447,0.411,0.219,0.241,0.129
user_10448,0.311,0.469,0.195,0.025
user_10449,0.215,0.392,0.105,0.289
user_10452,0.263,0.386,0.085,0.266
user_10454,0.219,0.404,0.100,0.278
user_10455,0.263,0.327,0.113,0.297
user_10456,0.449,0.140,0.181,0.230
user_10457,0.220,0.389,0.102,0.289
user_10458,0.402,0.193,0.122,0.283
user_10459,0.211,0.385,0.125,0.279
user_1046,0.241,0.274,0.106,0.380
user_10464,0.223,0.357,0.130,0.291
user_10465,0.239,0.334,0.121,0.306
user_1047,0.217,0.292,0.108,0.383
user_10471,0.205,0.429,0.109,0.257
user_10472,0.191,0.217,0.408,0.185
user_10473,0.171,0.459,0.246,0.124
user_10474,0.413,0.375,0.036,0.176
user_10478,0.289,0.318,0.142,0.251
user_10479,0.221,0.354,0.165,0.260
user_1048,0.212,0.316,0.115,0.357
user_10480,0.311,0.353,0.065,0.272
user_10483,0.266,0.388,0.104,0.242
user_10485,0.179,0.199,0.230,0.392
user_10488,0.320,0.278,0.152,0.250
user_10489,0.253,0.182,0.196,0.369
user_1049,0.202,0.473,0.105,0.220
user_10490,0.210,0.349,0.146,0.295
user_10491,0.106,0.404,0.209,0.282
user_10493,0.224,0.344,0.121,0.311
user_10494,0.219,0.436,0.098,0.247
user_10495,0.054,0.718,0.108,0.120
user_10496,0.242,0.311,0.040,0.407
user_10497,0.352,0.211,0.109,0.328
user_10498,0.178,0.463,0.184,0.175
user_105,0.330,0.310,0.108,0.252
user_10501,0.220,0.408,0.194,0.178
user_10503,0.369,0.354,0.075,0.202
user_10504,0.339,0.207,0.127,0.327
user_10505,0.439,0.202,0.025,0.334
user_10508,0.294,0.302,0.115,0.289
user_10509,0.239,0.269,0.096,0.396
user_1051,0.038,0.107,0.386,0.469
user_10510,0.303,0.248,0.105,0.344
user_10511,0.325,0.377,0.071,0.227
user_10513,0.254,0.076,0.389,0.280
user_10515,0.234,0.281,0.118,0.367
user_10516,0.227,0.245,0.111,0.416
user_10518,0.181,0.320,0.103,0.397
user_10519,0.237,0.375,0.098,0.290
user_10520,0.219,0.370,0.114,0.297
user_10523,0.088,0.123,0.257,0.533
user_10524,0.073,0.661,0.169,0.097
user_10525,0.362,0.421,0.023,0.195
user_10526,0.204,0.211,0.156,0.429
user_10528,0.231,0.345,0.119,0.305
user_10529,0.233,0.341,0.092,0.335
user_1053,0.450,0.240,0.115,0.195
user_10530,0.228,0.328,0.104,0.339
user_10531,0.225,0.355,0.114,0.306
user_10532,0.234,0.350,0.117,0.298
user_10533,0.237,0.339,0.120,0.304
user_10534,0.326,0.348,0.123,0.203
user_10539,0.210,0.306,0.125,0.358
user_1054,0.238,0.364,0.119,0.278
user_10540,0.173,0.349,0.108,0.369
user_10542,0.234,0.476,0.167,0.123
user_10545,0.231,0.357,0.119,0.293
user_10549,0.276,0.228,0.025,0.471
user_1055,0.375,0.218,0.082,0.325
user_10551,0.252,0.518,0.105,0.124
user_10552,0.257,0.257,0.121,0.365
user_10553,0.214,0.374,0.112,0.301
user_10554,0.246,0.372,0.114,0.268
user_10558,0.193,0.284,0.154,0.369
user_10559,0.230,0.381,0.104,0.285
user_10560,0.205,0.299,0.183,0.313
user_10563,0.235,0.318,0.118,0.329
user_10564,0.380,0.300,0.108,0.212
user_10565,0.205,0.387,0.120,0.288
user_10566,0.228,0.409,0.127,0.237
user_10567,0.173,0.414,0.179,0.234
user_1057,0.226,0.364,0.113,0.297
user_10570,0.215,0.370,0.113,0.302
user_10571,0.267,0.333,0.117,0.284
user_10573,0.246,0.334,0.110,0.310
user_10575,0.170,0.419,0.092,0.320
user_10576,0.112,0.200,0.076,0.612
user_10577,0.220,0.355,0.118,0.307
user_10578,0.227,0.341,0.129,0.304
user_1058,0.239,0.077,0.077,0.607
user_10580,0.232,0.344,0.120,0.305
user_10584,0.227,0.279,0.121,0.374
user_10586,0.272,0.339,0.098,0.292
user_10588,0.216,0.359,0.113,0.312
user_10589,0.210,0.365,0.122,0.302
user_10590,0.132,0.287,0.255,0.327
user_10591,0.214,0.260,0.114,0.413
user_10593,0.521,0.224,0.049,0.206
user_10594,0.232,0.354,0.115,0.299
user_10595,0.239,0.280,0.097,0.385
user_10596,0.202,0.394,0.118,0.286
user_10597,0.197,0.384,0.112,0.306
user_10598,0.341,0.234,0.167,0.258
user_10599,0.303,0.265,0.107,0.326
user_106,0.229,0.349,0.119,0.303
user_1060,0.189,0.264,0.218,0.328
user_10601,0.242,0.339,0.122,0.297
user_10604,0.390,0.351,0.022,0.236
user_10606,0.228,0.325,0.111,0.336
user_10608,0.199,0.236,0.118,0.447
user_10609,0.140,0.324,0.221,0.315
user_1061,0.279,0.312,0.108,0.301
user_10611,0.206,0.300,0.107,0.386
user_10612,0.208,0.296,0.116,0.380
user_10614,0.223,0.329,0.126,0.322
user_10616,0.284,0.461,0.070,0.186
user_10617,0.232,0.351,0.121,0.296
user_10618,0.242,0.324,0.119,0.315
user_10619,0.225,0.350,0.121,0.304
user_10620,0.230,0.319,0.117,0.334
user_10622,0.124,0.309,0.081,0.486
user_10623,0.233,0.341,0.120,0.306
user_10625,0.335,0.326,0.105,0.235
user_10628,0.332,0.484,0.080,0.104
user_1063,0.238,0.310,0.131,0.320
user_10630,0.200,0.357,0.111,0.332
user_10631,0.198,0.398,0.124,0.280
user_10632,0.212,0.355,0.142,0.291
user_10633,0.271,0.262,0.095,0.372
user_10634,0.254,0.315,0.117,0.314
user_10635,0.178,0.367,0.138,0.317
user_10636,0.266,0.317,0.139,0.277
user_10638,0.275,0.212,0.263,0.250
user_1064,0.319,0.327,0.254,0.100
user_10640,0.400,0.217,0.117,0.266
user_10641,0.156,0.368,0.111,0.364
user_10642,0.120,0.542,0.085,0.254
user_10643,0.225,0.354,0.118,0.303
user_10645,0.231,0.336,0.119,0.314
user_10646,0.230,0.328,0.125,0.317
user_10647,0.207,0.362,0.110,0.321
user_10648,0.261,0.264,0.063,0.411
user_1065,0.067,0.375,0.028,0.530
user_10651,0.276,0.335,0.118,0.271
user_10652,0.292,0.166,0.121,0.420
user_10655,0.266,0.347,0.130,0.257
user_10656,0.295,0.272,0.143,0.290
user_10659,0.233,0.333,0.120,0.314
user_1066,0.230,0.357,0.104,0.309
user_10661,0.270,0.210,0.158,0.362
user_10663,0.194,0.434,0.105,0.266
user_10664,0.121,0.558,0.122,0.198
user_10665,0.230,0.351,0.118,0.302
user_10667,0.218,0.348,0.083,0.351
user_10668,0.232,0.342,0.118,0.308
user_1067,0.144,0.326,0.155,0.374
user_10670,0.237,0.307,0.120,0.337
user_10672,0.228,0.337,0.120,0.316
user_10673,0.291,0.228,0.080,0.401
user_10678,0.138,0.232,0.089,0.542
user_1068,0.242,0.315,0.122,0.321
user_10683,0.226,0.336,0.113,0.325
user_10685,0.212,0.382,0.127,0.279
user_10686,0.238,0.317,0.120,0.325
user_10687,0.219,0.333,0.162,0.287
user_10688,0.177,0.273,0.134,0.416
user_10689,0.225,0.342,0.121,0.313
user_1069,0.238,0.332,0.120,0.310
user_10690,0.117,0.518,0.238,0.127
user_10691,0.221,0.241,0.121,0.417
user_10692,0.238,0.344,0.117,0.301
user_10693,0.235,0.339,0.121,0.305
user_10694,0.270,0.312,0.117,0.302
user_10695,0.224,0.359,0.115,0.303
user_10697,0.223,0.352,0.122,0.303
user_10698,0.254,0.310,0.115,0.321
user_107,0.204,0.300,0.101,0.396
user_10700,0.125,0.540,0.097,0.237
user_10703,0.232,0.325,0.122,0.321
user_10704,0.260,0.484,0.200,0.055
user_10709,0.144,0.634,0.079,0.144
user_10710,0.172,0.553,0.107,0.168
user_10711,0.244,0.321,0.116,0.318
user_10712,0.089,0.121,0.350,0.440
user_10716,0.222,0.459,0.095,0.224
user_10719,0.285,0.189,0.210,0.316
user_10720,0.268,0.210,0.132,0.390
user_10721,0.069,0.622,0.060,0.249
user_10722,0.230,0.346,0.120,0.305
user_10726,0.199,0.312,0.118,0.371
user_10727,0.188,0.397,0.103,0.312
user_10729,0.044,0.667,0.083,0.206
user_1073,0.227,0.327,0.141,0.304
user_10730,0.233,0.301,0.119,0.348
user_10731,0.276,0.253,0.284,0.187
user_10732,0.466,0.137,0.114,0.282
user_10736,0.208,0.377,0.104,0.311
user_10740,0.229,0.348,0.118,0.305
user_10741,0.168,0.525,0.076,0.231
user_10743,0.178,0.238,0.088,0.495
user_10744,0.246,0.344,0.116,0.294
user_10746,0.308,0.270,0.114,0.308
user_10747,0.259,0.378,0.020,0.343
user_10748,0.236,0.333,0.120,0.310
user_10749,0.207,0.343,0.103,0.347
user_10750,0.164,0.221,0.088,0.527
user_10754,0.222,0.473,0.102,0.203
user_10755,0.244,0.346,0.120,0.290
user_10758,0.181,0.707,0.083,0.028
user_10759,0.221,0.338,0.120,0.321
user_1076,0.233,0.238,0.099,0.430
user_10762,0.330,0.360,0.113,0.197
user_10768,0.148,0.364,0.232,0.256
user_1077,0.258,0.310,0.134,0.298
user_10772,0.147,0.180,0.287,0.386
user_10774,0.425,0.233,0.097,0.245
user_10777,0.221,0.324,0.124,0.331
user_1078,0.322,0.278,0.076,0.324
user_10781,0.230,0.339,0.119,0.312
user_10782,0.225,0.277,0.119,0.379
user_10786,0.181,0.428,0.119,0.273
user_10789,0.283,0.289,0.138,0.289
user_10790,0.224,0.262,0.069,0.445
user_10791,0.246,0.346,0.117,0.290
user_10792,0.231,0.327,0.117,0.324
user_10793,0.232,0.343,0.119,0.305
user_10794,0.241,0.331,0.122,0.306
user_10796,0.277,0.325,0.116,0.282
user_10797,0.159,0.662,0.057,0.122
user_10798,0.126,0.230,0.198,0.446
user_10799,0.221,0.366,0.117,0.296
user_108,0.295,0.284,0.166,0.254
user_1080,0.148,0.290,0.057,0.506
user_10800,0.124,0.267,0.472,0.136
user_10802,0.277,0.352,0.137,0.235
user_10803,0.232,0.343,0.119,0.306
user_10804,0.250,0.176,0.126,0.448
user_10807,0.215,0.226,0.273,0.286
user_10808,0.296,0.310,0.107,0.286
user_10809,0.227,0.344,0.118,0.311
user_10811,0.062,0.619,0.149,0.170
user_10812,0.306,0.322,0.160,0.213
user_10815,0.245,0.238,0.106,0.411
user_10816,0.261,0.268,0.159,0.313
user_10817,0.247,0.237,0.239,0.277
user_10818,0.239,0.301,0.125,0.335
user_10819,0.257,0.340,0.120,0.283
user_1082,0.208,0.321,0.118,0.354
user_10820,0.323,0.259,0.122,0.296
user_10821,0.356,0.368,0.082,0.193
user_10822,0.106,0.327,0.119,0.448
user_10823,0.231,0.339,0.113,0.316
user_10824,0.232,0.343,0.119,0.306
user_10825,0.228,0.351,0.126,0.295
user_10826,0.322,0.294,0.106,0.278
user_1083,0.630,0.228,0.075,0.066
user_10830,0.302,0.338,0.167,0.193
user_10831,0.271,0.327,0.124,0.277
user_10832,0.237,0.302,0.173,0.288
user_10835,0.277,0.419,0.165,0.139
user_10837,0.189,0.364,0.112,0.336
user_10839,0.234,0.304,0.118,0.345
user_1084,0.033,0.392,0.069,0.506
user_10840,0.258,0.224,0.116,0.403
user_10842,0.076,0.471,0.117,0.336
user_10845,0.197,0.235,0.253,0.315
user_10847,0.315,0.132,0.097,0.456
user_10851,0.285,0.387,0.112,0.216
user_10852,0.160,0.249,0.103,0.487
user_10854,0.247,0.224,0.134,0.395
user_10856,0.242,0.352,0.118,0.289
user_10857,0.235,0.321,0.122,0.322
user_10858,0.220,0.475,0.117,0.188
user_10859,0.261,0.363,0.132,0.245
user_10861,0.221,0.275,0.121,0.384
user_10862,0.207,0.437,0.148,0.208
user_10864,0.252,0.409,0.022,0.317
user_10865,0.173,0.289,0.321,0.218
user_10866,0.181,0.335,0.291,0.193
user_10867,0.207,0.324,0.120,0.350
user_10868,0.188,0.187,0.123,0.501
user_10869,0.216,0.363,0.158,0.262
user_10870,0.169,0.373,0.101,0.357
user_10871,0.231,0.341,0.119,0.309
user_10872,0.469,0.198,0.180,0.153
user_10873,0.306,0.232,0.126,0.337
user_10875,0.232,0.343,0.120,0.305
user_10876,0.231,0.236,0.135,0.398
user_10878,0.190,0.406,0.139,0.265
user_10879,0.322,0.385,0.267,0.026
user_10880,0.233,0.355,0.109,0.302
user_10881,0.252,0.277,0.121,0.349
user_10882,0.220,0.326,0.121,0.333
user_10883,0.252,0.291,0.134,0.323
user_10884,0.103,0.704,0.058,0.136
user_10886,0.165,0.559,0.107,0.169
user_10889,0.228,0.343,0.120,0.309
user_1089,0.225,0.331,0.124,0.320
user_10891,0.116,0.112,0.272,0.501
user_10894,0.242,0.297,0.112,0.349
user_10895,0.061,0.594,0.073,0.272
user_10896,0.233,0.313,0.280,0.174
user_10897,0.264,0.241,0.114,0.381
user_10899,0.239,0.367,0.117,0.277
user_10901,0.291,0.303,0.119,0.286
user_10903,0.244,0.316,0.108,0.332
user_10904,0.290,0.406,0.112,0.192
user_10906,0.192,0.285,0.179,0.344
user_10907,0.040,0.448,0.135,0.377
user_10908,0.209,0.360,0.110,0.321
user_10909,0.197,0.399,0.115,0.290
user_10910,0.222,0.239,0.217,0.322
user_10913,0.231,0.360,0.113,0.296
user_10914,0.210,0.299,0.073,0.418
user_10915,0.205,0.326,0.200,0.269
user_10917,0.242,0.388,0.119,0.252
user_10920,0.205,0.391,0.151,0.252
user_10921,0.141,0.443,0.091,0.325
user_10922,0.210,0.339,0.130,0.321
user_10923,0.217,0.249,0.174,0.360
user_10926,0.076,0.161,0.298,0.465
user_10927,0.204,0.267,0.141,0.388
user_10928,0.227,0.337,0.121,0.315
user_10929,0.226,0.329,0.117,0.327
user_1093,0.241,0.269,0.110,0.381
user_10930,0.230,0.345,0.112,0.313
user_10932,0.335,0.299,0.132,0.234
user_10933,0.227,0.318,0.124,0.330
user_10937,0.132,0.090,0.235,0.543
user_10938,0.189,0.291,0.083,0.437
user_10939,0.232,0.345,0.119,0.303
user_1094,0.151,0.202,0.109,0.538
user_10940,0.175,0.272,0.177,0.377
user_10941,0.371,0.323,0.068,0.239
user_10942,0.117,0.440,0.232,0.212
user_10944,0.323,0.307,0.143,0.227
user_10946,0.228,0.330,0.121,0.321
user_10949,0.176,0.278,0.090,0.456
user_1095,0.241,0.381,0.114,0.263
user_10950,0.143,0.343,0.042,0.472
user_10951,0.217,0.324,0.119,0.340
user_10952,0.105,0.156,0.061,0.678
user_10954,0.093,0.161,0.084,0.662
user_10955,0.211,0.373,0.144,0.273
user_10956,0.239,0.334,0.119,0.309
user_10958,0.193,0.398,0.135,0.274
user_1096,0.077,0.359,0.076,0.488
user_10960,0.332,0.093,0.052,0.523
user_10963,0.229,0.381,0.115,0.276
user_10964,0.225,0.334,0.115,0.326
user_10966,0.243,0.295,0.120,0.341
user_10967,0.391,0.210,0.073,0.327
user_1097,0.206,0.444,0.101,0.249
user_10973,0.167,0.300,0.209,0.323
user_10974,0.510,0.385,0.030,0.075
user_10975,0.120,0.458,0.136,0.286
user_10976,0.428,0.323,0.028,0.221
user_10979,0.343,0.201,0.167,0.289
user_1098,0.217,0.215,0.084,0.484
user_10981,0.234,0.333,0.114,0.319
user_10982,0.025,0.163,0.083,0.729
user_10983,0.146,0.231,0.106,0.516
user_10984,0.245,0.336,0.132,0.287
user_10985,0.109,0.651,0.077,0.163
user_10986,0.219,0.455,0.164,0.161
user_10987,0.188,0.345,0.111,0.356
user_10988,0.210,0.199,0.176,0.415
user_10989,0.230,0.347,0.109,0.315
user_1099,0.237,0.162,0.472,0.129
user_10991,0.230,0.350,0.094,0.326
user_10992,0.096,0.364,0.143,0.397
user_10995,0.232,0.312,0.136,0.320
user_10996,0.290,0.482,0.035,0.194
user_10997,0.261,0.244,0.125,0.370
user_10998,0.056,0.572,0.096,0.276
user_10999,0.168,0.374,0.110,0.348
user_11,0.236,0.327,0.121,0.316
user_11001,0.233,0.345,0.120,0.302
user_11002,0.161,0.356,0.106,0.378
user_11004,0.228,0.253,0.244,0.275
user_11005,0.232,0.344,0.119,0.305
user_11008,0.085,0.318,0.160,0.437
user_11009,0.129,0.597,0.089,0.185
user_1101,0.147,0.282,0.114,0.456
user_11011,0.238,0.321,0.121,0.320
user_11012,0.233,0.341,0.120,0.306
user_11015,0.319,0.409,0.023,0.249
user_11016,0.337,0.331,0.144,0.188
user_11019,0.155,0.398,0.148,0.299
user_1102,0.278,0.223,0.106,0.393
user_11020,0.221,0.264,0.126,0.390
user_11024,0.211,0.368,0.115,0.306
user_11025,0.224,0.362,0.121,0.293
user_11026,0.229,0.346,0.118,0.307
user_11031,0.239,0.330,0.119,0.312
user_11033,0.216,0.166,0.418,0.200
user_11035,0.248,0.289,0.141,0.322
user_11036,0.366,0.297,0.097,0.240
user_11037,0.240,0.332,0.120,0.308
user_11038,0.206,0.241,0.124,0.429
user_11039,0.129,0.336,0.221,0.314
user_11041,0.119,0.647,0.071,0.163
user_11044,0.279,0.283,0.134,0.304
user_11045,0.201,0.410,0.114,0.275
user_11046,0.305,0.257,0.111,0.327
user_11047,0.406,0.429,0.042,0.123
user_11048,0.218,0.255,0.149,0.378
user_1105,0.195,0.237,0.295,0.273
user_11050,0.223,0.406,0.125,0.246
user_11051,0.210,0.291,0.123,0.376
user_11053,0.183,0.302,0.108,0.406
user_11054,0.227,0.442,0.119,0.212
user_11055,0.253,0.316,0.126,0.305
user_11060,0.233,0.317,0.127,0.324
user_11063,0.264,0.325,0.117,0.294
user_11064,0.185,0.227,0.093,0.496
user_11066,0.228,0.372,0.114,0.286
user_11068,0.228,0.360,0.124,0.289
user_11069,0.212,0.303,0.113,0.372
user_1107,0.256,0.282,0.130,0.331
user_11070,0.230,0.340,0.120,0.310
user_11071,0.152,0.349,0.274,0.225
user_11074,0.210,0.248,0.115,0.427
user_11075,0.100,0.724,0.038,0.139
user_11076,0.249,0.349,0.108,0.294
user_11077,0.299,0.427,0.106,0.168
user_11078,0.161,0.229,0.293,0.318
user_11079,0.233,0.346,0.118,0.303
user_1108,0.286,0.266,0.105,0.343
user_11080,0.263,0.169,0.296,0.272
user_11081,0.213,0.339,0.096,0.352
user_11082,0.227,0.248,0.152,0.373
user_11084,0.213,0.371,0.109,0.307
user_11085,0.162,0.363,0.133,0.342
user_11088,0.212,0.362,0.109,0.317
user_11089,0.228,0.285,0.098,0.389
user_11090,0.236,0.340,0.147,0.277
user_11091,0.155,0.513,0.132,0.199
user_11095,0.234,0.358,0.113,0.295
user_11098,0.374,0.236,0.093,0.296
user_111,0.159,0.401,0.099,0.342
user_1110,0.235,0.347,0.121,0.297
user_11100,0.238,0.273,0.104,0.386
user_11102,0.147,0.570,0.119,0.164
user_11103,0.244,0.325,0.119,0.312
user_11104,0.133,0.318,0.072,0.478
user_11105,0.270,0.301,0.111,0.318
user_11110,0.262,0.267,0.382,0.089
user_11111,0.246,0.343,0.114,0.297
user_11112,0.314,0.301,0.153,0.232
user_11113,0.490,0.237,0.078,0.194
user_11114,0.341,0.329,0.109,0.220
user_11117,0.220,0.294,0.116,0.370
user_11118,0.216,0.277,0.141,0.366
user_11119,0.243,0.378,0.101,0.278
user_11120,0.244,0.336,0.111,0.308
user_11121,0.276,0.305,0.133,0.285
user_11123,0.280,0.301,0.138,0.281
user_11124,0.144,0.509,0.116,0.231
user_11125,0.262,0.338,0.136,0.263
user_11126,0.498,0.239,0.090,0.172
user_11127,0.171,0.404,0.118,0.307
user_11128,0.172,0.363,0.129,0.336
user_11130,0.207,0.346,0.160,0.287
user_11131,0.274,0.296,0.126,0.304
user_11132,0.236,0.310,0.128,0.326
user_11136,0.314,0.281,0.095,0.310
user_11137,0.181,0.184,0.076,0.559
user_11141,0.230,0.350,0.131,0.289
user_11142,0.265,0.278,0.114,0.343
user_11143,0.209,0.306,0.180,0.305
user_11148,0.223,0.354,0.115,0.307
user_11149,0.227,0.337,0.119,0.317
user_1115,0.205,0.293,0.262,0.240
user_11150,0.525,0.176,0.139,0.161
user_11151,0.225,0.287,0.155,0.333
user_11158,0.164,0.475,0.062,0.299
user_11159,0.202,0.374,0.112,0.312
user_11162,0.197,0.339,0.125,0.339
user_11164,0.251,0.268,0.123,0.359
user_11165,0.376,0.085,0.193,0.346
user_11167,0.247,0.362,0.110,0.281
user_1117,0.248,0.393,0.104,0.256
user_11173,0.235,0.348,0.117,0.301
user_11175,0.410,0.100,0.135,0.355
user_11177,0.152,0.374,0.065,0.409
user_11178,0.298,0.278,0.116,0.309
user_11179,0.069,0.355,0.080,0.496
user_1118,0.257,0.336,0.127,0.280
user_11180,0.119,0.497,0.066,0.318
user_11182,0.233,0.344,0.120,0.304
user_11184,0.239,0.334,0.123,0.305
user_11188,0.264,0.273,0.126,0.337
user_11189,0.286,0.208,0.122,0.385
user_1119,0.190,0.318,0.220,0.272
user_11191,0.219,0.374,0.106,0.301
user_11193,0.615,0.026,0.013,0.345
user_11194,0.152,0.214,0.070,0.564
user_11196,0.264,0.250,0.074,0.411
user_11197,0.064,0.693,0.178,0.065
user_11199,0.251,0.371,0.116,0.262
user_112,0.213,0.374,0.103,0.310
user_1120,0.209,0.278,0.125,0.389
user_11201,0.250,0.244,0.162,0.344
user_11203,0.202,0.309,0.125,0.364
user_11204,0.142,0.511,0.086,0.261
user_11206,0.238,0.314,0.119,0.329
user_11207,0.202,0.202,0.169,0.427
user_11209,0.191,0.373,0.212,0.225
user_1121,0.231,0.358,0.120,0.292
user_11212,0.178,0.290,0.200,0.332
user_11213,0.210,0.364,0.119,0.307
user_11214,0.195,0.345,0.144,0.317
user_11215,0.216,0.343,0.134,0.307
user_11216,0.233,0.254,0.130,0.383
user_11217,0.237,0.331,0.124,0.308
user_11218,0.176,0.451,0.115,0.257
user_11220,0.231,0.334,0.120,0.315
user_11225,0.232,0.340,0.123,0.305
user_11227,0.277,0.309,0.122,0.292
user_11228,0.217,0.340,0.119,0.325
user_11229,0.133,0.578,0.132,0.158
user_1123,0.237,0.353,0.117,0.293
user_11231,0.225,0.331,0.112,0.332
user_11232,0.276,0.258,0.107,0.360
user_11237,0.228,0.348,0.120,0.305
user_11238,0.048,0.323,0.216,0.413
user_1124,0.234,0.281,0.133,0.351
user_11243,0.170,0.363,0.095,0.372
user_11245,0.209,0.290,0.073,0.428
user_11246,0.332,0.223,0.136,0.309
user_1125,0.224,0.346,0.119,0.312
user_11250,0.200,0.374,0.127,0.298
user_11252,0.160,0.465,0.086,0.288
user_11253,0.244,0.350,0.111,0.295
user_11255,0.232,0.368,0.108,0.293
user_11256,0.191,0.185,0.104,0.521
user_11257,0.232,0.343,0.119,0.305
user_11261,0.225,0.231,0.121,0.423
user_11263,0.214,0.390,0.116,0.280
user_11265,0.231,0.147,0.241,0.381
user_11267,0.144,0.393,0.098,0.364
user_11268,0.182,0.403,0.110,0.305
user_11269,0.228,0.318,0.129,0.325
user_1127,0.203,0.390,0.111,0.296
user_11270,0.136,0.588,0.168,0.107
user_11272,0.235,0.288,0.122,0.354
user_11273,0.270,0.386,0.165,0.179
user_11274,0.186,0.486,0.121,0.206
user_11276,0.092,0.336,0.119,0.452
user_11277,0.210,0.392,0.110,0.289
user_11278,0.219,0.325,0.068,0.387
user_1128,0.191,0.330,0.152,0.327
user_11283,0.371,0.345,0.077,0.207
user_11284,0.262,0.254,0.078,0.407
user_11289,0.201,0.343,0.119,0.337
user_1129,0.212,0.219,0.191,0.377
user_11290,0.230,0.404,0.120,0.247
user_11292,0.222,0.280,0.126,0.372
user_11294,0.261,0.273,0.120,0.345
user_11295,0.273,0.312,0.118,0.297
user_11296,0.164,0.284,0.220,0.332
user_11299,0.229,0.326,0.128,0.317
user_113,0.350,0.235,0.129,0.287
user_1130,0.223,0.357,0.120,0.299
user_11300,0.221,0.359,0.119,0.301
user_11301,0.259,0.479,0.131,0.131
user_11302,0.244,0.315,0.143,0.298
user_11304,0.251,0.291,0.128,0.330
user_11306,0.134,0.233,0.092,0.542
user_11307,0.225,0.355,0.121,0.299
user_11308,0.205,0.271,0.081,0.443
user_11310,0.371,0.322,0.066,0.241
user_11312,0.380,0.249,0.103,0.268
user_11314,0.245,0.349,0.101,0.305
user_11317,0.232,0.254,0.121,0.394
user_11318,0.242,0.330,0.120,0.308
user_1132,0.316,0.304,0.072,0.308
user_11321,0.201,0.415,0.107,0.277
user_11323,0.250,0.622,0.052,0.076
user_11325,0.216,0.362,0.130,0.293
user_11328,0.282,0.230,0.124,0.364
user_11329,0.228,0.313,0.120,0.340
user_1133,0.120,0.579,0.104,0.197
user_11331,0.178,0.369,0.144,0.309
user_11332,0.275,0.470,0.101,0.155
user_11337,0.221,0.230,0.115,0.434
user_1134,0.189,0.352,0.134,0.324
user_11340,0.302,0.434,0.074,0.190
user_11341,0.342,0.240,0.146,0.272
user_11343,0.209,0.335,0.121,0.335
user_11344,0.224,0.354,0.121,0.301
user_11345,0.221,0.330,0.117,0.332
user_11346,0.371,0.215,0.029,0.385
user_11348,0.178,0.442,0.108,0.272
user_11349,0.362,0.263,0.100,0.275
user_1135,0.304,0.374,0.108,0.214
user_11351,0.199,0.251,0.096,0.454
user_11354,0.231,0.372,0.131,0.266
user_11355,0.231,0.258,0.121,0.389
user_11356,0.179,0.246,0.120,0.456
user_11357,0.213,0.482,0.097,0.208
user_1136,0.283,0.443,0.038,0.237
user_11360,0.230,0.338,0.122,0.309
user_11361,0.197,0.534,0.092,0.176
user_11364,0.182,0.290,0.347,0.182
user_11366,0.096,0.384,0.081,0.439
user_11367,0.219,0.209,0.303,0.269
user_1137,0.163,0.210,0.176,0.451
user_11370,0.194,0.426,0.119,0.261
user_11371,0.232,0.326,0.120,0.322
user_11372,0.336,0.239,0.193,0.232
user_11373,0.175,0.191,0.215,0.419
user_11374,0.074,0.399,0.119,0.408
user_11375,0.142,0.351,0.119,0.388
user_11376,0.311,0.490,0.140,0.060
user_11377,0.240,0.296,0.139,0.325
user_11378,0.235,0.347,0.117,0.302
user_1138,0.165,0.379,0.151,0.304
user_11380,0.240,0.298,0.133,0.328
user_11382,0.323,0.335,0.154,0.188
user_11383,0.245,0.403,0.098,0.253
user_11384,0.274,0.322,0.155,0.250
user_11385,0.216,0.468,0.104,0.212
user_11387,0.206,0.409,0.101,0.285
user_11389,0.154,0.273,0.117,0.456
user_1139,0.233,0.326,0.125,0.316
user_11390,0.303,0.395,0.075,0.228
user_11391,0.236,0.335,0.111,0.319
user_11392,0.214,0.342,0.117,0.328
user_11394,0.218,0.305,0.118,0.359
user_11396,0.385,0.181,0.091,0.343
user_11397,0.316,0.333,0.063,0.288
user_11399,0.229,0.345,0.120,0.306
user_114,0.214,0.369,0.113,0.304
user_1140,0.174,0.395,0.171,0.260
user_11402,0.470,0.241,0.120,0.170
user_11404,0.243,0.401,0.096,0.260
user_11405,0.232,0.344,0.119,0.305
user_11406,0.233,0.326,0.116,0.325
user_11407,0.263,0.282,0.124,0.331
user_11408,0.173,0.388,0.139,0.300
user_11409,0.185,0.340,0.138,0.338
user_1141,0.352,0.197,0.111,0.340
user_11410,0.267,0.344,0.126,0.263
user_11413,0.232,0.328,0.123,0.317
user_11414,0.228,0.344,0.123,0.306
user_11415,0.207,0.366,0.114,0.314
user_11417,0.461,0.254,0.156,0.129
user_11419,0.305,0.226,0.146,0.323
user_1142,0.187,0.233,0.086,0.494
user_11421,0.121,0.470,0.111,0.298
user_11422,0.228,0.361,0.117,0.294
user_11423,0.329,0.315,0.108,0.248
user_11424,0.246,0.391,0.101,0.262
user_11425,0.238,0.335,0.117,0.310
user_11426,0.112,0.376,0.214,0.298
user_11428,0.228,0.339,0.125,0.308
user_1143,0.278,0.335,0.126,0.261
user_11431,0.236,0.375,0.118,0.271
user_11432,0.205,0.654,0.051,0.090
user_11433,0.232,0.329,0.120,0.319
user_11434,0.189,0.327,0.131,0.353
user_11437,0.081,0.325,0.229,0.365
user_11439,0.250,0.306,0.126,0.318
user_1144,0.323,0.336,0.093,0.248
user_11440,0.263,0.316,0.122,0.298
user_11444,0.400,0.211,0.118,0.271
user_11445,0.209,0.393,0.120,0.278
user_11446,0.216,0.375,0.114,0.295
user_11447,0.185,0.360,0.157,0.298
user_11449,0.345,0.299,0.092,0.264
user_11452,0.234,0.206,0.087,0.473
user_11454,0.148,0.413,0.138,0.301
user_11456,0.231,0.346,0.121,0.303
user_11458,0.249,0.325,0.121,0.305
user_11459,0.595,0.034,0.096,0.275
user_1146,0.204,0.302,0.050,0.444
user_11460,0.258,0.310,0.104,0.327
user_11462,0.239,0.350,0.103,0.308
user_11465,0.152,0.559,0.087,0.202
user_11467,0.218,0.341,0.118,0.322
user_11468,0.227,0.351,0.117,0.304
user_11471,0.231,0.343,0.119,0.306
user_11473,0.097,0.335,0.065,0.503
user_11474,0.189,0.380,0.105,0.326
user_11475,0.285,0.318,0.113,0.284
user_11479,0.229,0.325,0.119,0.327
user_1148,0.279,0.201,0.127,0.393
user_11481,0.135,0.267,0.138,0.460
user_11482,0.421,0.293,0.217,0.068
user_11483,0.500,0.191,0.098,0.211
user_11485,0.147,0.206,0.142,0.505
user_11486,0.253,0.314,0.127,0.306
user_11487,0.164,0.185,0.120,0.530
user_11488,0.215,0.336,0.119,0.330
user_11489,0.205,0.401,0.117,0.277
user_1149,0.096,0.254,0.133,0.517
user_11490,0.127,0.309,0.176,0.388
user_11495,0.409,0.149,0.229,0.213
user_11497,0.212,0.293,0.113,0.382
user_11498,0.425,0.207,0.231,0.136
user_115,0.228,0.309,0.106,0.358
user_11500,0.238,0.308,0.111,0.342
user_11503,0.222,0.375,0.138,0.265
user_11505,0.237,0.330,0.121,0.312
user_11507,0.044,0.418,0.076,0.462
user_11509,0.118,0.290,0.110,0.482
user_1151,0.335,0.288,0.099,0.279
user_11510,0.254,0.340,0.108,0.299
user_11514,0.367,0.439,0.094,0.100
user_11515,0.232,0.340,0.120,0.308
user_11517,0.232,0.351,0.121,0.297
user_11518,0.104,0.440,0.078,0.377
user_11519,0.140,0.433,0.130,0.297
user_1152,0.185,0.414,0.123,0.279
user_11520,0.233,0.360,0.116,0.292
user_11523,0.232,0.339,0.120,0.310
user_11524,0.214,0.377,0.104,0.306
user_11525,0.236,0.326,0.110,0.328
user_11526,0.330,0.260,0.056,0.353
user_1153,0.174,0.372,0.034,0.420
user_11531,0.270,0.193,0.135,0.402
user_11533,0.137,0.174,0.090,0.600
user_11534,0.230,0.323,0.111,0.335
user_11536,0.304,0.304,0.079,0.313
user_11537,0.234,0.336,0.120,0.309
user_11539,0.160,0.100,0.106,0.634
user_11543,0.231,0.346,0.118,0.305
user_11547,0.294,0.362,0.094,0.250
user_11549,0.081,0.322,0.063,0.533
user_1155,0.223,0.307,0.121,0.349
user_11551,0.468,0.219,0.091,0.222
user_11553,0.198,0.229,0.346,0.227
user_11554,0.224,0.374,0.118,0.284
user_11555,0.267,0.334,0.120,0.279
user_11556,0.270,0.343,0.120,0.267
user_11557,0.279,0.277,0.094,0.350
user_11558,0.210,0.344,0.180,0.266
user_1156,0.197,0.404,0.155,0.243
user_11562,0.216,0.415,0.104,0.265
user_11563,0.284,0.305,0.111,0.301
user_11566,0.187,0.294,0.099,0.420
user_11567,0.171,0.308,0.158,0.363
user_1157,0.222,0.284,0.171,0.323
user_11574,0.320,0.275,0.129,0.276
user_11575,0.431,0.126,0.158,0.285
user_11576,0.226,0.456,0.138,0.180
user_11577,0.150,0.362,0.146,0.342
user_11578,0.398,0.229,0.131,0.242
user_11579,0.232,0.343,0.119,0.306
user_1158,0.189,0.391,0.109,0.311
user_11581,0.420,0.222,0.101,0.258
user_11582,0.228,0.307,0.115,0.350
user_11583,0.265,0.289,0.117,0.329
user_11584,0.204,0.289,0.091,0.417
user_11586,0.219,0.324,0.129,0.328
user_11588,0.231,0.339,0.120,0.310
user_11589,0.244,0.289,0.108,0.359
user_1159,0.119,0.359,0.208,0.313
user_11590,0.029,0.615,0.015,0.341
user_11593,0.081,0.459,0.225,0.235
user_11594,0.248,0.256,0.054,0.441
user_11598,0.167,0.288,0.133,0.412
user_116,0.354,0.287,0.115,0.243
user_11600,0.245,0.316,0.129,0.310
user_11601,0.251,0.299,0.110,0.340
user_11603,0.250,0.322,0.090,0.338
user_11606,0.273,0.300,0.109,0.318
user_11608,0.312,0.331,0.139,0.218
user_1161,0.115,0.459,0.104,0.322
user_11610,0.233,0.341,0.120,0.306
user_11611,0.330,0.238,0.109,0.323
user_11613,0.231,0.345,0.118,0.305
user_11615,0.532,0.232,0.102,0.134
user_11616,0.082,0.615,0.152,0.151
user_11618,0.231,0.330,0.119,0.320
user_11619,0.241,0.375,0.119,0.265
user_1162,0.234,0.339,0.121,0.306
user_11625,0.202,0.303,0.129,0.366
user_1163,0.125,0.129,0.526,0.220
user_11630,0.214,0.374,0.158,0.254
user_11631,0.134,0.233,0.115,0.519
user_11632,0.155,0.188,0.105,0.552
user_11633,0.238,0.270,0.120,0.372
user_11636,0.312,0.163,0.090,0.436
user_1164,0.139,0.565,0.122,0.174
user_11641,0.232,0.118,0.071,0.580
user_11642,0.228,0.284,0.086,0.401
user_11643,0.287,0.311,0.175,0.226
user_11644,0.269,0.257,0.115,0.358
user_11645,0.129,0.594,0.080,0.198
user_11646,0.208,0.417,0.100,0.276
user_11648,0.214,0.561,0.088,0.136
user_1165,0.232,0.348,0.110,0.311
user_11651,0.224,0.328,0.121,0.327
user_11653,0.196,0.198,0.129,0.478
user_11654,0.224,0.360,0.125,0.291
user_11655,0.201,0.485,0.135,0.179
user_11656,0.096,0.525,0.116,0.263
user_1166,0.229,0.358,0.128,0.286
user_11660,0.144,0.232,0.155,0.469
user_11661,0.156,0.628,0.074,0.141
user_11667,0.350,0.244,0.172,0.234
user_11668,0.255,0.311,0.128,0.306
user_11669,0.284,0.327,0.110,0.279
user_1167,0.233,0.188,0.149,0.430
user_11670,0.229,0.330,0.120,0.321
user_11671,0.070,0.325,0.214,0.391
user_11672,0.398,0.290,0.126,0.186
user_11674,0.240,0.385,0.103,0.272
user_11678,0.151,0.328,0.142,0.380
user_11679,0.274,0.386,0.135,0.204
user_11682,0.195,0.598,0.032,0.175
user_11683,0.232,0.334,0.126,0.308
user_11685,0.243,0.355,0.121,0.281
user_11689,0.174,0.474,0.109,0.243
user_1169,0.271,0.291,0.119,0.319
user_11691,0.171,0.367,0.111,0.351
user_11693,0.238,0.317,0.119,0.326
user_11694,0.303,0.169,0.081,0.448
user_11697,0.212,0.417,0.102,0.270
user_11698,0.201,0.276,0.120,0.403
user_11699,0.220,0.332,0.092,0.357
user_1170,0.280,0.283,0.114,0.323
user_11700,0.264,0.343,0.142,0.251
user_11701,0.230,0.333,0.115,0.323
user_11702,0.168,0.160,0.075,0.598
user_11704,0.535,0.181,0.092,0.192
user_11707,0.238,0.323,0.121,0.318
user_11708,0.127,0.592,0.090,0.192
user_11709,0.319,0.319,0.116,0.246
user_1171,0.228,0.345,0.120,0.307
user_11710,0.253,0.285,0.124,0.338
user_11711,0.217,0.370,0.118,0.295
user_11712,0.235,0.305,0.112,0.348
user_11713,0.279,0.147,0.124,0.450
user_11714,0.278,0.272,0.168,0.281
user_11715,0.242,0.342,0.118,0.299
user_11716,0.173,0.444,0.215,0.168
user_11718,0.405,0.158,0.056,0.381
user_1172,0.433,0.301,0.016,0.250
user_11721,0.506,0.253,0.082,0.159
user_11722,0.351,0.305,0.110,0.235
user_11726,0.494,0.161,0.046,0.299
user_11727,0.154,0.514,0.088,0.243
user_11729,0.225,0.345,0.117,0.314
user_11732,0.091,0.707,0.063,0.140
user_11733,0.135,0.480,0.268,0.118
user_11735,0.319,0.076,0.365,0.240
user_11736,0.071,0.205,0.272,0.452
user_11739,0.236,0.304,0.127,0.333
user_1174,0.459,0.271,0.128,0.142
user_11741,0.162,0.487,0.130,0.221
user_11743,0.198,0.371,0.122,0.310
user_11746,0.052,0.728,0.046,0.174
user_11747,0.343,0.231,0.195,0.231
user_11748,0.216,0.269,0.134,0.381
user_11749,0.193,0.311,0.195,0.300
user_1175,0.152,0.205,0.256,0.387
user_11751,0.138,0.216,0.509,0.137
user_11753,0.364,0.303,0.089,0.244
user_11754,0.187,0.324,0.129,0.360
user_11755,0.195,0.421,0.206,0.178
user_11756,0.252,0.299,0.121,0.328
user_11757,0.101,0.555,0.141,0.204
user_11758,0.126,0.543,0.114,0.217
user_11760,0.218,0.303,0.117,0.362
user_11761,0.245,0.310,0.120,0.325
user_11762,0.228,0.337,0.121,0.314
user_11763,0.255,0.315,0.124,0.305
user_11766,0.205,0.316,0.107,0.372
user_11769,0.224,0.405,0.098,0.273
user_1177,0.156,0.280,0.109,0.455
user_11771,0.303,0.601,0.059,0.037
user_11773,0.350,0.454,0.103,0.093
user_11774,0.232,0.357,0.121,0.290
user_11775,0.259,0.170,0.112,0.459
user_11777,0.187,0.376,0.219,0.218
user_11779,0.263,0.207,0.135,0.394
user_1178,0.239,0.342,0.119,0.300
user_11780,0.095,0.739,0.057,0.108
user_11781,0.290,0.320,0.134,0.256
user_11783,0.207,0.384,0.146,0.263
user_11785,0.245,0.515,0.094,0.146
user_11791,0.104,0.613,0.202,0.081
user_11792,0.105,0.509,0.078,0.307
user_11793,0.524,0.189,0.188,0.099
user_11794,0.204,0.257,0.116,0.422
user_11797,0.470,0.135,0.171,0.223
user_118,0.190,0.374,0.133,0.303
user_11800,0.279,0.142,0.082,0.497
user_11801,0.232,0.343,0.119,0.306
user_11803,0.200,0.477,0.153,0.169
user_11804,0.232,0.343,0.119,0.306
user_11807,0.181,0.307,0.131,0.381
user_11809,0.119,0.438,0.122,0.320
user_1181,0.229,0.360,0.140,0.271
user_11810,0.274,0.355,0.142,0.229
user_11811,0.205,0.453,0.121,0.221
user_11812,0.197,0.273,0.282,0.248
user_11813,0.234,0.315,0.099,0.353
user_11814,0.205,0.373,0.120,0.302
user_11815,0.253,0.265,0.141,0.341
user_11816,0.122,0.319,0.102,0.457
user_11817,0.165,0.357,0.076,0.403
user_11818,0.278,0.268,0.098,0.357
user_11819,0.166,0.326,0.103,0.406
user_1182,0.358,0.223,0.112,0.308
user_11820,0.219,0.353,0.113,0.315
user_11821,0.260,0.207,0.104,0.429
user_11822,0.249,0.467,0.100,0.184
user_11823,0.240,0.388,0.173,0.199
user_11824,0.494,0.142,0.089,0.275
user_11825,0.235,0.327,0.150,0.288
user_11827,0.277,0.323,0.107,0.293
user_11828,0.226,0.291,0.119,0.363
user_11829,0.242,0.413,0.099,0.246
user_1183,0.152,0.228,0.106,0.515
user_11830,0.233,0.334,0.120,0.313
user_11833,0.264,0.331,0.121,0.284
user_11834,0.324,0.485,0.033,0.158
user_11835,0.155,0.538,0.109,0.199
user_11837,0.193,0.459,0.116,0.232
user_11841,0.146,0.334,0.120,0.400
user_11844,0.249,0.078,0.055,0.618
user_11845,0.266,0.250,0.143,0.341
user_11847,0.034,0.484,0.355,0.127
user_1185,0.109,0.623,0.111,0.157
user_11852,0.243,0.367,0.126,0.264
user_11853,0.221,0.379,0.100,0.301
user_11854,0.193,0.386,0.122,0.299
user_11856,0.232,0.344,0.118,0.305
user_11859,0.295,0.228,0.075,0.402
user_11860,0.222,0.287,0.116,0.375
user_11861,0.207,0.325,0.115,0.354
user_11862,0.366,0.264,0.146,0.225
user_11863,0.165,0.234,0.211,0.391
user_11865,0.233,0.336,0.119,0.312
user_11867,0.215,0.360,0.113,0.313
user_11870,0.214,0.373,0.143,0.270
user_11871,0.219,0.313,0.122,0.346
user_11873,0.217,0.331,0.103,0.349
user_11874,0.234,0.315,0.107,0.343
user_11876,0.233,0.289,0.189,0.289
user_11878,0.246,0.282,0.121,0.351
user_11886,0.261,0.301,0.115,0.324
user_11887,0.217,0.356,0.125,0.301
user_11888,0.220,0.248,0.057,0.475
user_11890,0.252,0.321,0.117,0.310
user_11891,0.137,0.354,0.190,0.319
user_11892,0.199,0.387,0.125,0.289
user_11894,0.454,0.151,0.077,0.318
user_11895,0.228,0.323,0.111,0.337
user_11896,0.164,0.346,0.230,0.259
user_1190,0.211,0.446,0.106,0.237
user_11900,0.193,0.362,0.125,0.319
user_11901,0.092,0.296,0.140,0.471
user_11904,0.227,0.317,0.150,0.306
user_11907,0.120,0.565,0.089,0.226
user_11909,0.098,0.282,0.061,0.558
user_1191,0.231,0.344,0.120,0.305
user_11912,0.496,0.183,0.116,0.205
user_11913,0.277,0.317,0.113,0.292
user_11915,0.370,0.236,0.151,0.243
user_11918,0.235,0.339,0.114,0.312
user_1192,0.049,0.693,0.092,0.166
user_11920,0.247,0.318,0.119,0.316
user_11921,0.288,0.347,0.130,0.235
user_11923,0.208,0.613,0.126,0.054
user_11925,0.205,0.314,0.117,0.364
user_11927,0.211,0.388,0.096,0.305
user_11928,0.261,0.267,0.260,0.212
user_1193,0.235,0.267,0.168,0.330
user_11931,0.082,0.429,0.324,0.165
user_11933,0.242,0.270,0.210,0.278
user_11934,0.216,0.315,0.143,0.326
user_11935,0.231,0.352,0.118,0.299
user_11937,0.233,0.351,0.118,0.298
user_11938,0.108,0.466,0.061,0.365
user_11939,0.232,0.340,0.120,0.308
user_1194,0.207,0.299,0.151,0.343
user_11942,0.152,0.596,0.030,0.222
user_11943,0.204,0.405,0.122,0.268
user_11944,0.220,0.357,0.116,0.306
user_11946,0.220,0.350,0.117,0.312
user_11947,0.216,0.344,0.118,0.322
user_11948,0.208,0.320,0.120,0.352
user_11949,0.161,0.330,0.106,0.403
user_1195,0.417,0.276,0.092,0.216
user_11952,0.212,0.335,0.112,0.340
user_11953,0.237,0.312,0.113,0.339
user_11954,0.226,0.581,0.030,0.164
user_11957,0.237,0.397,0.113,0.252
user_11958,0.057,0.476,0.338,0.129
user_11959,0.234,0.247,0.135,0.384
user_1196,0.640,0.182,0.073,0.104
user_11960,0.197,0.233,0.122,0.448
user_11963,0.218,0.349,0.128,0.306
user_11964,0.497,0.204,0.097,0.202
user_11965,0.191,0.367,0.140,0.302
user_11966,0.266,0.267,0.124,0.343
user_11967,0.380,0.386,0.056,0.178
user_11969,0.300,0.330,0.113,0.257
user_1197,0.372,0.213,0.108,0.307
user_11970,0.262,0.316,0.124,0.298
user_11971,0.270,0.346,0.083,0.302
user_11972,0.239,0.338,0.119,0.304
user_11974,0.183,0.234,0.100,0.483
user_11976,0.242,0.313,0.122,0.324
user_1198,0.229,0.347,0.119,0.305
user_11980,0.177,0.314,0.116,0.393
user_11981,0.289,0.459,0.087,0.165
user_11982,0.228,0.351,0.115,0.307
user_11984,0.189,0.305,0.146,0.359
user_11985,0.223,0.335,0.075,0.367
user_11987,0.313,0.460,0.080,0.147
user_11990,0.218,0.319,0.145,0.318
user_11992,0.213,0.386,0.122,0.279
user_11993,0.322,0.204,0.170,0.303
user_11996,0.367,0.285,0.144,0.204
user_11997,0.391,0.437,0.094,0.078
user_11998,0.235,0.353,0.125,0.286
user_12,0.295,0.302,0.123,0.280
user_120,0.219,0.348,0.142,0.292
user_12001,0.233,0.336,0.098,0.334
user_12002,0.149,0.415,0.026,0.409
user_12005,0.216,0.373,0.121,0.290
user_12006,0.146,0.374,0.209,0.271
user_12009,0.291,0.235,0.132,0.342
user_1201,0.232,0.334,0.138,0.296
user_12010,0.242,0.372,0.105,0.281
user_12012,0.263,0.382,0.103,0.252
user_12013,0.177,0.331,0.106,0.386
user_12015,0.119,0.362,0.397,0.122
user_12016,0.267,0.342,0.089,0.302
user_12018,0.159,0.439,0.045,0.357
user_12019,0.224,0.352,0.117,0.306
user_12021,0.208,0.069,0.136,0.587
user_12024,0.237,0.353,0.115,0.295
user_12025,0.281,0.262,0.118,0.339
user_12027,0.076,0.154,0.044,0.727
user_12030,0.131,0.264,0.118,0.487
user_12031,0.247,0.370,0.119,0.265
user_12032,0.182,0.318,0.027,0.473
user_12033,0.192,0.253,0.159,0.397
user_12034,0.199,0.351,0.206,0.244
user_12035,0.094,0.459,0.183,0.264
user_12036,0.263,0.298,0.110,0.329
user_12038,0.251,0.310,0.121,0.318
user_12039,0.235,0.363,0.116,0.285
user_1204,0.084,0.622,0.059,0.235
user_12040,0.265,0.329,0.104,0.302
user_12042,0.332,0.380,0.110,0.177
user_12043,0.142,0.277,0.152,0.429
user_12044,0.235,0.371,0.115,0.279
user_12045,0.216,0.363,0.146,0.275
user_1205,0.232,0.286,0.136,0.345
user_12053,0.165,0.232,0.108,0.494
user_12056,0.218,0.364,0.121,0.297
user_12059,0.233,0.326,0.083,0.357
user_12060,0.242,0.315,0.119,0.324
user_12063,0.191,0.412,0.100,0.297
user_12067,0.236,0.322,0.130,0.311
user_12068,0.111,0.283,0.312,0.295
user_12069,0.206,0.443,0.116,0.236
user_1207,0.306,0.328,0.116,0.250
user_12070,0.247,0.218,0.314,0.221
user_12071,0.209,0.199,0.115,0.478
user_12073,0.225,0.249,0.198,0.329
user_12074,0.329,0.210,0.145,0.316
user_12075,0.153,0.325,0.237,0.285
user_12076,0.281,0.276,0.119,0.324
user_12077,0.244,0.358,0.096,0.303
user_1208,0.297,0.384,0.100,0.219
user_12082,0.221,0.391,0.114,0.274
user_12083,0.084,0.521,0.063,0.332
user_12084,0.174,0.513,0.066,0.247
user_12085,0.237,0.343,0.123,0.297
user_12086,0.234,0.337,0.119,0.310
user_12087,0.417,0.172,0.069,0.343
user_12089,0.227,0.346,0.117,0.309
user_1209,0.186,0.395,0.118,0.302
user_12091,0.250,0.182,0.118,0.450
user_12092,0.242,0.211,0.056,0.490
user_12093,0.394,0.413,0.055,0.138
user_12094,0.237,0.394,0.108,0.261
user_12095,0.217,0.429,0.110,0.244
user_12096,0.183,0.237,0.072,0.509
user_12097,0.206,0.367,0.119,0.308
user_12098,0.208,0.235,0.129,0.428
user_1210,0.221,0.366,0.112,0.300
user_12100,0.246,0.318,0.208,0.228
user_12101,0.153,0.431,0.106,0.311
user_12102,0.314,0.129,0.083,0.474
user_12103,0.225,0.138,0.148,0.489
user_12104,0.228,0.206,0.191,0.375
user_12106,0.398,0.188,0.192,0.222
user_12107,0.216,0.324,0.121,0.339
user_12109,0.229,0.323,0.121,0.327
user_12111,0.142,0.254,0.164,0.440
user_12112,0.210,0.384,0.142,0.264
user_12113,0.265,0.296,0.121,0.318
user_12114,0.295,0.301,0.101,0.303
user_12115,0.142,0.201,0.280,0.378
user_12117,0.209,0.359,0.117,0.314
user_1212,0.278,0.056,0.154,0.512
user_12121,0.239,0.293,0.139,0.329
user_12123,0.222,0.349,0.120,0.309
user_12127,0.291,0.302,0.126,0.281
user_12129,0.225,0.320,0.196,0.259
user_1213,0.217,0.326,0.124,0.333
user_12130,0.275,0.272,0.146,0.306
user_12131,0.248,0.308,0.098,0.346
user_12132,0.218,0.352,0.118,0.312
user_12133,0.188,0.512,0.092,0.209
user_12134,0.297,0.240,0.143,0.320
user_12135,0.201,0.531,0.044,0.224
user_12137,0.431,0.196,0.095,0.278
user_12138,0.170,0.503,0.079,0.248
user_12139,0.127,0.323,0.139,0.411
user_12141,0.246,0.215,0.393,0.146
