user_1,0.162,0.131,0.206,0.098,0.403
user_10,0.206,0.167,0.257,0.126,0.244
user_100,0.208,0.184,0.203,0.165,0.239
user_1000,0.251,0.181,0.210,0.141,0.219
user_1001,0.190,0.311,0.162,0.106,0.232
user_1002,0.242,0.169,0.236,0.131,0.222
user_1003,0.217,0.170,0.299,0.112,0.202
user_1004,0.127,0.177,0.227,0.126,0.342
user_1005,0.231,0.179,0.132,0.124,0.332
user_1006,0.419,0.134,0.236,0.085,0.127
user_1007,0.245,0.166,0.254,0.117,0.217
user_1008,0.247,0.174,0.231,0.135,0.214
user_1009,0.204,0.242,0.245,0.106,0.203
user_101,0.223,0.170,0.249,0.155,0.203
user_1010,0.246,0.156,0.181,0.135,0.283
user_1011,0.139,0.235,0.177,0.237,0.212
user_1013,0.295,0.183,0.183,0.152,0.187
user_1014,0.248,0.171,0.235,0.130,0.217
user_1015,0.359,0.109,0.296,0.098,0.138
user_1016,0.264,0.237,0.226,0.126,0.148
user_1017,0.321,0.162,0.143,0.321,0.053
user_1018,0.081,0.095,0.198,0.071,0.555
user_1019,0.174,0.387,0.194,0.143,0.103
user_102,0.313,0.182,0.199,0.119,0.187
user_1020,0.388,0.114,0.097,0.122,0.278
user_1021,0.327,0.114,0.152,0.213,0.193
user_1022,0.185,0.199,0.251,0.168,0.198
user_1023,0.366,0.182,0.192,0.098,0.163
user_1024,0.190,0.189,0.186,0.143,0.292
user_1025,0.209,0.169,0.278,0.112,0.231
user_1027,0.212,0.168,0.323,0.208,0.088
user_1028,0.249,0.174,0.237,0.133,0.206
user_103,0.271,0.158,0.235,0.131,0.205
user_1030,0.244,0.175,0.235,0.132,0.214
user_1031,0.237,0.180,0.232,0.179,0.172
user_1032,0.254,0.159,0.236,0.138,0.212
user_1033,0.245,0.168,0.245,0.130,0.211
user_1035,0.195,0.144,0.232,0.168,0.260
user_1036,0.248,0.178,0.225,0.123,0.226
user_1037,0.190,0.309,0.209,0.184,0.108
user_1038,0.119,0.429,0.140,0.174,0.138
user_1039,0.257,0.107,0.149,0.076,0.410
user_104,0.209,0.171,0.221,0.188,0.212
user_1040,0.146,0.191,0.199,0.218,0.247
user_1041,0.241,0.171,0.241,0.133,0.214
user_1042,0.342,0.182,0.374,0.072,0.030
user_1043,0.227,0.177,0.243,0.133,0.221
user_1044,0.251,0.173,0.225,0.134,0.216
user_1045,0.142,0.147,0.260,0.202,0.249
user_1046,0.216,0.162,0.195,0.152,0.276
user_1047,0.283,0.143,0.255,0.105,0.214
user_1048,0.216,0.061,0.316,0.283,0.124
user_1049,0.197,0.296,0.109,0.168,0.231
user_105,0.379,0.149,0.218,0.116,0.138
user_1050,0.270,0.175,0.221,0.126,0.207
user_1051,0.655,0.026,0.184,0.093,0.042
user_1052,0.127,0.115,0.369,0.296,0.093
user_1053,0.330,0.117,0.178,0.056,0.319
user_1055,0.200,0.382,0.189,0.046,0.183
user_1056,0.280,0.167,0.205,0.135,0.213
user_1057,0.246,0.352,0.188,0.040,0.175
user_1058,0.147,0.135,0.192,0.084,0.442
user_1059,0.274,0.169,0.213,0.131,0.213
user_106,0.195,0.151,0.271,0.233,0.150
user_1060,0.222,0.161,0.253,0.132,0.231
user_1061,0.104,0.150,0.167,0.143,0.436
user_1062,0.449,0.042,0.218,0.091,0.199
user_1064,0.208,0.150,0.317,0.108,0.217
user_1065,0.253,0.414,0.119,0.108,0.106
user_1066,0.446,0.130,0.130,0.143,0.152
user_1067,0.201,0.180,0.149,0.156,0.314
user_1068,0.188,0.144,0.141,0.125,0.402
user_1069,0.148,0.144,0.193,0.141,0.374
user_107,0.198,0.173,0.200,0.141,0.288
user_1070,0.201,0.209,0.230,0.101,0.260
user_1071,0.108,0.091,0.175,0.168,0.458
user_1072,0.137,0.162,0.412,0.115,0.174
user_1073,0.301,0.154,0.151,0.269,0.125
user_1074,0.243,0.190,0.221,0.134,0.212
user_1076,0.321,0.172,0.185,0.123,0.199
user_1077,0.252,0.173,0.228,0.133,0.214
user_1078,0.351,0.289,0.242,0.068,0.050
user_1079,0.113,0.122,0.221,0.096,0.448
user_108,0.272,0.167,0.212,0.146,0.203
user_1080,0.216,0.145,0.141,0.123,0.375
user_1081,0.224,0.169,0.252,0.126,0.230
user_1082,0.142,0.447,0.117,0.076,0.218
user_1083,0.231,0.163,0.199,0.146,0.262
user_1084,0.248,0.177,0.224,0.142,0.209
user_1085,0.330,0.130,0.230,0.106,0.205
user_1087,0.274,0.170,0.184,0.071,0.301
user_1088,0.244,0.181,0.204,0.160,0.212
user_1089,0.172,0.180,0.166,0.072,0.410
user_109,0.215,0.156,0.257,0.120,0.252
user_1091,0.392,0.189,0.143,0.054,0.222
user_1092,0.246,0.173,0.228,0.133,0.220
user_1093,0.251,0.172,0.227,0.133,0.217
user_1094,0.251,0.172,0.230,0.132,0.215
user_1096,0.191,0.205,0.221,0.125,0.257
user_1097,0.225,0.162,0.294,0.117,0.201
user_1099,0.246,0.172,0.236,0.129,0.215
user_11,0.261,0.172,0.225,0.150,0.191
user_1100,0.282,0.181,0.222,0.106,0.209
user_1101,0.230,0.178,0.224,0.143,0.226
user_1102,0.268,0.223,0.201,0.132,0.177
user_1103,0.239,0.180,0.233,0.133,0.215
user_1104,0.303,0.178,0.197,0.133,0.190
user_1106,0.208,0.240,0.198,0.124,0.230
user_1107,0.262,0.172,0.232,0.131,0.204
user_1108,0.160,0.130,0.237,0.285,0.187
user_1109,0.267,0.278,0.136,0.092,0.227
user_111,0.182,0.181,0.286,0.143,0.209
user_1110,0.178,0.189,0.201,0.131,0.301
user_1112,0.225,0.158,0.229,0.140,0.248
user_1113,0.324,0.114,0.377,0.132,0.053
user_1114,0.231,0.190,0.238,0.168,0.173
user_1115,0.185,0.299,0.177,0.131,0.208
user_1116,0.185,0.166,0.353,0.110,0.186
user_1117,0.242,0.179,0.226,0.137,0.216
user_1118,0.238,0.172,0.268,0.139,0.183
user_1119,0.254,0.173,0.229,0.133,0.211
user_112,0.217,0.246,0.182,0.109,0.246
user_1120,0.523,0.167,0.175,0.037,0.099
user_1121,0.214,0.190,0.220,0.148,0.228
user_1122,0.174,0.226,0.268,0.138,0.195
user_1123,0.181,0.165,0.280,0.180,0.195
user_1124,0.285,0.142,0.178,0.115,0.279
user_1125,0.228,0.274,0.200,0.072,0.226
user_1126,0.287,0.163,0.190,0.124,0.236
user_1128,0.271,0.176,0.215,0.151,0.188
user_1129,0.234,0.163,0.264,0.126,0.213
user_113,0.272,0.181,0.199,0.118,0.230
user_1130,0.130,0.118,0.318,0.214,0.220
user_1131,0.130,0.174,0.376,0.132,0.187
user_1133,0.156,0.182,0.348,0.126,0.188
user_1134,0.229,0.192,0.256,0.120,0.203
user_1135,0.359,0.197,0.201,0.091,0.153
user_1136,0.220,0.230,0.276,0.130,0.144
user_1138,0.250,0.168,0.222,0.132,0.227
user_1139,0.213,0.156,0.247,0.134,0.249
user_1140,0.263,0.090,0.223,0.069,0.355
user_1141,0.256,0.186,0.207,0.140,0.211
user_1142,0.138,0.326,0.289,0.067,0.179
user_1143,0.261,0.183,0.240,0.117,0.199
user_1144,0.253,0.173,0.227,0.132,0.214
user_1145,0.257,0.175,0.224,0.131,0.213
user_1147,0.205,0.169,0.313,0.103,0.210
user_1148,0.292,0.151,0.222,0.116,0.219
user_1149,0.310,0.019,0.443,0.171,0.057
user_115,0.225,0.185,0.241,0.131,0.218
user_1150,0.250,0.174,0.229,0.133,0.215
user_1151,0.248,0.180,0.219,0.123,0.230
user_1152,0.289,0.170,0.190,0.144,0.207
user_1154,0.444,0.136,0.181,0.095,0.144
user_1155,0.241,0.171,0.238,0.133,0.218
user_1156,0.308,0.141,0.164,0.141,0.246
user_1158,0.242,0.176,0.239,0.121,0.222
user_1159,0.245,0.173,0.228,0.139,0.215
user_116,0.337,0.158,0.140,0.072,0.293
user_1160,0.206,0.201,0.250,0.143,0.201
user_1161,0.182,0.146,0.256,0.126,0.290
user_1162,0.229,0.294,0.108,0.138,0.231
user_1163,0.165,0.180,0.338,0.159,0.158
user_1164,0.235,0.147,0.161,0.120,0.337
user_1165,0.290,0.165,0.210,0.144,0.190
user_1166,0.243,0.170,0.254,0.122,0.211
user_1167,0.222,0.196,0.264,0.115,0.203
user_1168,0.272,0.122,0.277,0.202,0.127
user_1169,0.308,0.152,0.216,0.133,0.190
user_117,0.333,0.035,0.312,0.137,0.183
user_1170,0.342,0.163,0.165,0.135,0.195
user_1172,0.221,0.178,0.201,0.177,0.222
user_1173,0.265,0.183,0.241,0.119,0.192
user_1174,0.231,0.177,0.247,0.128,0.217
user_1175,0.384,0.261,0.157,0.107,0.091
user_1176,0.226,0.169,0.192,0.159,0.253
user_1177,0.398,0.318,0.048,0.146,0.090
user_1178,0.171,0.119,0.443,0.101,0.167
user_1179,0.233,0.174,0.248,0.133,0.212
user_118,0.255,0.142,0.181,0.125,0.297
user_1180,0.108,0.096,0.169,0.242,0.385
user_1182,0.044,0.099,0.075,0.702,0.080
user_1183,0.275,0.172,0.217,0.131,0.205
user_1184,0.191,0.173,0.363,0.120,0.153
user_1185,0.256,0.172,0.228,0.133,0.211
user_1186,0.251,0.170,0.229,0.134,0.216
user_1187,0.255,0.169,0.211,0.138,0.228
user_1188,0.257,0.176,0.223,0.139,0.205
user_1189,0.206,0.139,0.219,0.120,0.317
user_119,0.239,0.202,0.246,0.124,0.190
user_1190,0.292,0.174,0.203,0.122,0.209
user_1191,0.242,0.147,0.270,0.138,0.202
user_1192,0.213,0.193,0.269,0.132,0.193
user_1193,0.124,0.326,0.140,0.134,0.277
user_1194,0.268,0.173,0.209,0.131,0.219
user_1195,0.237,0.186,0.194,0.136,0.248
user_1196,0.252,0.174,0.225,0.134,0.216
user_1197,0.273,0.160,0.209,0.129,0.229
user_1198,0.268,0.162,0.219,0.153,0.197
user_1199,0.247,0.175,0.219,0.145,0.214
user_12,0.344,0.184,0.177,0.113,0.181
user_120,0.235,0.164,0.185,0.142,0.274
user_1200,0.351,0.179,0.102,0.136,0.231
user_1203,0.180,0.138,0.146,0.100,0.436
user_1204,0.198,0.211,0.089,0.012,0.491
user_1205,0.181,0.161,0.238,0.159,0.260
user_1206,0.160,0.144,0.260,0.131,0.304
user_1207,0.225,0.168,0.309,0.126,0.172
user_1208,0.192,0.232,0.321,0.058,0.197
user_1209,0.256,0.174,0.194,0.173,0.203
user_1210,0.150,0.207,0.175,0.094,0.375
user_1211,0.276,0.184,0.205,0.133,0.203
user_1212,0.212,0.128,0.458,0.137,0.065
user_1213,0.263,0.169,0.227,0.119,0.222
user_1214,0.178,0.199,0.228,0.175,0.219
user_1215,0.246,0.173,0.227,0.136,0.218
user_1216,0.354,0.143,0.161,0.100,0.242
user_1217,0.206,0.158,0.212,0.110,0.315
user_1218,0.242,0.138,0.355,0.106,0.159
user_1219,0.227,0.187,0.230,0.168,0.188
user_122,0.253,0.173,0.227,0.133,0.215
user_1220,0.259,0.170,0.195,0.132,0.243
user_1221,0.261,0.175,0.231,0.127,0.206
user_1223,0.307,0.167,0.221,0.113,0.193
user_1224,0.188,0.188,0.122,0.120,0.381
user_1225,0.187,0.177,0.291,0.140,0.205
user_1226,0.214,0.206,0.253,0.124,0.203
user_1227,0.421,0.267,0.114,0.121,0.078
user_1228,0.273,0.175,0.201,0.142,0.209
user_1229,0.202,0.190,0.248,0.115,0.245
user_1231,0.217,0.170,0.252,0.130,0.231
user_1232,0.251,0.174,0.223,0.134,0.219
user_1234,0.298,0.148,0.216,0.133,0.206
user_1235,0.189,0.057,0.359,0.149,0.246
user_1236,0.218,0.180,0.273,0.128,0.202
user_1238,0.225,0.175,0.254,0.123,0.224
user_1239,0.239,0.164,0.242,0.134,0.221
user_124,0.230,0.091,0.207,0.346,0.126
user_1240,0.227,0.193,0.203,0.132,0.245
user_1241,0.204,0.187,0.238,0.169,0.202
user_1243,0.228,0.168,0.292,0.125,0.188
user_1244,0.247,0.172,0.233,0.132,0.216
user_1245,0.238,0.175,0.229,0.141,0.217
user_1246,0.236,0.176,0.214,0.122,0.251
user_1247,0.243,0.193,0.231,0.118,0.215
user_1248,0.137,0.141,0.335,0.088,0.299
user_1249,0.200,0.188,0.201,0.134,0.278
user_125,0.219,0.265,0.212,0.123,0.180
user_1250,0.165,0.188,0.203,0.233,0.211
user_1251,0.222,0.174,0.280,0.124,0.200
user_1252,0.236,0.196,0.256,0.131,0.182
user_1253,0.242,0.162,0.261,0.120,0.215
user_1254,0.336,0.146,0.228,0.099,0.192
user_1255,0.258,0.171,0.220,0.130,0.221
user_1256,0.422,0.167,0.179,0.074,0.158
user_1257,0.228,0.169,0.245,0.132,0.226
user_1258,0.244,0.161,0.255,0.131,0.210
user_1259,0.295,0.183,0.184,0.069,0.270
user_126,0.186,0.171,0.306,0.224,0.112
user_1260,0.310,0.211,0.159,0.103,0.217
user_1261,0.228,0.187,0.225,0.131,0.230
user_1262,0.210,0.128,0.188,0.127,0.346
user_1263,0.237,0.164,0.246,0.130,0.223
user_1264,0.239,0.201,0.203,0.144,0.213
user_1265,0.253,0.195,0.229,0.133,0.190
user_1266,0.153,0.213,0.290,0.178,0.167
user_1267,0.205,0.119,0.327,0.128,0.221
user_1268,0.162,0.150,0.189,0.232,0.267
user_1269,0.192,0.187,0.203,0.145,0.273
user_1270,0.232,0.170,0.219,0.142,0.237
user_1271,0.236,0.215,0.187,0.147,0.215
user_1272,0.252,0.174,0.227,0.132,0.215
user_1273,0.123,0.171,0.146,0.218,0.341
user_1274,0.257,0.173,0.220,0.136,0.213
user_1275,0.188,0.053,0.135,0.378,0.246
user_1276,0.242,0.227,0.264,0.167,0.101
user_1277,0.255,0.199,0.237,0.116,0.193
user_1278,0.337,0.164,0.178,0.110,0.212
user_1279,0.256,0.173,0.227,0.134,0.210
user_128,0.196,0.171,0.356,0.111,0.166
user_1280,0.196,0.366,0.269,0.088,0.081
user_1281,0.211,0.199,0.098,0.333,0.159
user_1282,0.132,0.266,0.222,0.179,0.201
user_1284,0.213,0.164,0.263,0.127,0.233
user_1285,0.229,0.077,0.214,0.172,0.308
user_1287,0.190,0.168,0.174,0.219,0.249
user_1288,0.230,0.199,0.231,0.131,0.208
user_129,0.039,0.094,0.527,0.263,0.076
user_1290,0.100,0.442,0.232,0.069,0.157
user_1291,0.506,0.227,0.069,0.067,0.132
user_1292,0.258,0.143,0.291,0.211,0.097
user_1293,0.293,0.100,0.253,0.126,0.228
user_1294,0.184,0.134,0.184,0.111,0.387
user_1295,0.202,0.164,0.291,0.137,0.206
user_1296,0.199,0.213,0.217,0.142,0.229
user_1297,0.248,0.169,0.235,0.134,0.214
user_1298,0.174,0.297,0.181,0.094,0.255
user_1299,0.205,0.181,0.270,0.117,0.227
user_13,0.207,0.174,0.265,0.133,0.222
user_130,0.238,0.187,0.230,0.130,0.215
user_1300,0.438,0.109,0.168,0.174,0.111
user_1301,0.252,0.133,0.233,0.248,0.134
user_1302,0.201,0.175,0.201,0.115,0.307
user_1303,0.188,0.468,0.083,0.066,0.195
user_1304,0.279,0.167,0.218,0.137,0.199
user_1305,0.338,0.152,0.237,0.084,0.190
user_1306,0.207,0.183,0.251,0.137,0.222
user_1308,0.181,0.179,0.299,0.127,0.214
user_1309,0.250,0.172,0.236,0.135,0.208
user_1310,0.272,0.180,0.211,0.137,0.201
user_1312,0.391,0.146,0.098,0.082,0.282
user_1313,0.229,0.167,0.249,0.142,0.213
user_1314,0.215,0.207,0.240,0.136,0.202
user_1315,0.189,0.160,0.226,0.109,0.316
user_1316,0.087,0.075,0.520,0.124,0.195
user_1317,0.271,0.177,0.214,0.122,0.216
user_1318,0.297,0.142,0.167,0.163,0.231
user_1319,0.223,0.165,0.287,0.118,0.208
user_132,0.222,0.211,0.216,0.191,0.159
user_1320,0.213,0.161,0.302,0.119,0.205
user_1322,0.234,0.172,0.213,0.157,0.224
user_1323,0.165,0.207,0.140,0.113,0.375
user_1324,0.198,0.181,0.340,0.128,0.153
user_1325,0.152,0.083,0.481,0.088,0.196
user_1326,0.263,0.175,0.186,0.144,0.232
user_1327,0.211,0.307,0.052,0.140,0.291
user_1328,0.195,0.163,0.327,0.117,0.197
user_1329,0.266,0.173,0.213,0.151,0.196
user_133,0.213,0.203,0.285,0.128,0.171
user_1330,0.134,0.147,0.393,0.105,0.221
user_1331,0.308,0.171,0.201,0.128,0.192
user_1332,0.252,0.175,0.225,0.134,0.214
user_1333,0.255,0.164,0.244,0.133,0.203
user_1334,0.131,0.157,0.319,0.196,0.196
user_1335,0.240,0.184,0.203,0.138,0.234
user_1336,0.244,0.170,0.243,0.137,0.206
user_1337,0.236,0.215,0.240,0.106,0.203
user_1338,0.213,0.229,0.243,0.116,0.199
user_1339,0.193,0.130,0.246,0.168,0.262
user_134,0.157,0.172,0.401,0.064,0.205
user_1340,0.241,0.165,0.245,0.132,0.217
user_1341,0.339,0.151,0.213,0.152,0.146
user_1342,0.189,0.163,0.263,0.137,0.249
user_1343,0.251,0.170,0.151,0.151,0.277
user_1344,0.230,0.160,0.254,0.124,0.231
user_1345,0.259,0.317,0.178,0.035,0.210
user_1346,0.205,0.213,0.195,0.102,0.285
user_1347,0.246,0.179,0.239,0.126,0.210
user_1348,0.145,0.311,0.191,0.145,0.208
user_1349,0.254,0.173,0.227,0.133,0.214
user_135,0.229,0.185,0.233,0.140,0.214
user_1350,0.253,0.152,0.233,0.129,0.233
user_1351,0.252,0.190,0.217,0.131,0.210
user_1352,0.213,0.076,0.422,0.033,0.256
user_1353,0.191,0.230,0.185,0.124,0.270
user_1354,0.176,0.162,0.293,0.131,0.237
user_1356,0.182,0.183,0.229,0.200,0.206
user_1357,0.252,0.172,0.230,0.132,0.214
user_1358,0.188,0.176,0.225,0.136,0.275
user_1359,0.201,0.179,0.248,0.090,0.282
user_136,0.260,0.176,0.208,0.136,0.220
user_1360,0.247,0.173,0.233,0.132,0.215
user_1361,0.206,0.154,0.296,0.109,0.236
user_1362,0.248,0.176,0.223,0.134,0.219
user_1363,0.296,0.185,0.139,0.071,0.309
user_1364,0.245,0.179,0.231,0.132,0.212
user_1365,0.258,0.173,0.230,0.130,0.210
user_1366,0.232,0.177,0.241,0.137,0.213
user_1367,0.211,0.159,0.264,0.150,0.215
user_1368,0.252,0.173,0.228,0.133,0.214
user_1369,0.298,0.188,0.168,0.110,0.236
user_137,0.379,0.091,0.190,0.240,0.100
user_1370,0.232,0.179,0.198,0.090,0.301
user_1372,0.167,0.164,0.202,0.123,0.345
user_1373,0.248,0.168,0.229,0.138,0.217
user_1374,0.226,0.167,0.280,0.131,0.197
user_1375,0.229,0.174,0.227,0.124,0.247
user_1376,0.246,0.173,0.230,0.135,0.215
user_1377,0.444,0.155,0.160,0.098,0.142
user_1378,0.362,0.164,0.108,0.213,0.154
user_1379,0.252,0.174,0.228,0.133,0.214
user_138,0.104,0.320,0.253,0.134,0.189
user_1380,0.236,0.153,0.197,0.138,0.277
user_1381,0.256,0.172,0.224,0.133,0.215
user_1382,0.134,0.127,0.228,0.102,0.409
user_1383,0.294,0.258,0.276,0.063,0.109
user_1384,0.161,0.147,0.376,0.101,0.214
user_1386,0.286,0.141,0.228,0.134,0.211
user_1387,0.246,0.176,0.231,0.132,0.216
user_1388,0.181,0.221,0.126,0.111,0.361
user_139,0.244,0.179,0.233,0.134,0.211
user_1390,0.257,0.162,0.213,0.140,0.227
user_1391,0.191,0.134,0.372,0.108,0.195
user_1392,0.248,0.175,0.237,0.133,0.207
user_1393,0.265,0.170,0.202,0.129,0.234
user_1394,0.272,0.113,0.246,0.212,0.157
user_1395,0.190,0.185,0.246,0.172,0.208
user_1396,0.203,0.172,0.132,0.202,0.291
user_1399,0.198,0.173,0.262,0.141,0.226
user_140,0.261,0.206,0.267,0.048,0.218
user_1400,0.137,0.121,0.206,0.357,0.179
user_1401,0.255,0.181,0.217,0.136,0.211
user_1402,0.385,0.183,0.171,0.090,0.170
user_1403,0.246,0.165,0.206,0.175,0.209
user_1404,0.165,0.141,0.170,0.128,0.396
user_1407,0.207,0.163,0.289,0.155,0.186
user_1408,0.067,0.354,0.393,0.115,0.072
user_1409,0.125,0.135,0.441,0.179,0.120
user_141,0.147,0.223,0.274,0.102,0.254
user_1410,0.248,0.170,0.288,0.126,0.168
user_1411,0.225,0.174,0.218,0.143,0.240
user_1412,0.167,0.117,0.109,0.129,0.478
user_1413,0.180,0.177,0.279,0.125,0.239
user_1414,0.254,0.173,0.229,0.133,0.210
user_1417,0.243,0.161,0.238,0.140,0.218
user_1418,0.233,0.174,0.227,0.136,0.230
user_1419,0.173,0.174,0.278,0.125,0.250
user_142,0.228,0.171,0.252,0.132,0.216
user_1421,0.234,0.163,0.245,0.124,0.233
user_1423,0.251,0.180,0.223,0.138,0.208
user_1424,0.138,0.203,0.327,0.138,0.194
user_1425,0.258,0.182,0.222,0.123,0.215
user_1426,0.118,0.154,0.513,0.118,0.096
user_1428,0.249,0.176,0.228,0.134,0.213
user_1429,0.215,0.167,0.216,0.182,0.221
user_143,0.333,0.349,0.074,0.063,0.181
user_1430,0.287,0.186,0.202,0.139,0.186
user_1431,0.281,0.150,0.244,0.133,0.192
user_1432,0.209,0.169,0.213,0.129,0.281
user_1433,0.221,0.222,0.229,0.136,0.192
user_1434,0.315,0.173,0.240,0.147,0.125
user_1435,0.250,0.174,0.228,0.133,0.215
user_1436,0.207,0.271,0.208,0.109,0.205
user_1437,0.287,0.150,0.213,0.124,0.226
user_1438,0.243,0.165,0.221,0.148,0.223
user_1439,0.240,0.179,0.239,0.138,0.205
user_144,0.313,0.224,0.207,0.093,0.162
user_1440,0.270,0.176,0.209,0.129,0.217
user_1441,0.241,0.183,0.214,0.134,0.228
user_1442,0.232,0.151,0.216,0.150,0.252
user_1443,0.232,0.165,0.256,0.120,0.227
user_1445,0.302,0.162,0.214,0.124,0.197
user_1447,0.132,0.177,0.364,0.089,0.237
user_1448,0.267,0.157,0.255,0.144,0.177
user_1449,0.223,0.173,0.251,0.139,0.215
user_145,0.277,0.159,0.219,0.127,0.218
user_1450,0.141,0.213,0.236,0.201,0.209
user_1451,0.273,0.178,0.220,0.125,0.203
user_1452,0.214,0.151,0.244,0.102,0.289
user_1453,0.247,0.186,0.216,0.137,0.213
user_1454,0.211,0.162,0.265,0.131,0.230
user_1455,0.227,0.160,0.252,0.120,0.241
user_1456,0.254,0.173,0.226,0.133,0.214
user_1457,0.182,0.234,0.298,0.118,0.168
user_1458,0.185,0.156,0.273,0.128,0.259
user_1459,0.241,0.170,0.251,0.128,0.210
user_146,0.168,0.233,0.277,0.122,0.200
user_1460,0.210,0.140,0.317,0.143,0.190
user_1462,0.213,0.125,0.341,0.055,0.266
user_1463,0.255,0.166,0.232,0.130,0.217
user_1467,0.110,0.230,0.411,0.073,0.175
user_1469,0.147,0.171,0.205,0.206,0.271
user_147,0.217,0.187,0.264,0.121,0.212
user_1470,0.263,0.177,0.216,0.131,0.212
user_1471,0.221,0.185,0.226,0.142,0.226
user_1473,0.185,0.191,0.380,0.133,0.111
user_1474,0.245,0.193,0.209,0.135,0.219
user_1475,0.213,0.191,0.234,0.142,0.221
user_1476,0.196,0.189,0.226,0.152,0.238
user_1477,0.272,0.119,0.358,0.098,0.153
user_1478,0.196,0.140,0.370,0.086,0.208
user_1479,0.253,0.173,0.228,0.132,0.214
user_148,0.485,0.186,0.063,0.059,0.208
user_1480,0.250,0.191,0.224,0.131,0.203
user_1481,0.155,0.245,0.254,0.087,0.260
user_1482,0.235,0.172,0.234,0.139,0.220
user_1483,0.150,0.116,0.195,0.094,0.445
user_1484,0.244,0.173,0.236,0.117,0.230
user_1486,0.176,0.180,0.287,0.135,0.223
user_1487,0.244,0.059,0.336,0.118,0.243
user_1488,0.218,0.196,0.237,0.142,0.207
user_1489,0.153,0.194,0.220,0.170,0.262
user_149,0.251,0.173,0.227,0.133,0.216
user_1490,0.188,0.246,0.312,0.049,0.205
user_1491,0.285,0.151,0.160,0.120,0.284
user_1492,0.171,0.064,0.280,0.190,0.295
user_1493,0.213,0.215,0.190,0.157,0.225
user_1494,0.258,0.162,0.219,0.139,0.222
user_1495,0.208,0.195,0.233,0.142,0.222
user_1496,0.220,0.177,0.256,0.131,0.216
user_1497,0.238,0.181,0.237,0.129,0.215
user_1498,0.203,0.184,0.154,0.227,0.231
user_1499,0.248,0.177,0.226,0.133,0.216
user_150,0.237,0.163,0.227,0.134,0.239
user_1500,0.225,0.170,0.246,0.143,0.217
user_1501,0.272,0.176,0.184,0.123,0.246
user_1502,0.171,0.163,0.214,0.163,0.289
user_1503,0.255,0.173,0.226,0.131,0.215
user_1504,0.253,0.178,0.218,0.141,0.209
user_1505,0.201,0.091,0.192,0.317,0.199
user_1506,0.194,0.156,0.140,0.124,0.386
user_1507,0.177,0.099,0.113,0.262,0.348
user_1508,0.127,0.364,0.308,0.073,0.128
user_1509,0.213,0.126,0.304,0.165,0.192
user_151,0.251,0.174,0.230,0.133,0.212
user_1510,0.204,0.167,0.186,0.104,0.338
user_1511,0.258,0.145,0.297,0.143,0.156
user_1512,0.239,0.016,0.071,0.186,0.489
user_1513,0.239,0.164,0.256,0.132,0.209
user_1514,0.093,0.082,0.332,0.129,0.365
user_1516,0.121,0.146,0.141,0.117,0.475
user_1517,0.257,0.175,0.232,0.131,0.204
user_1518,0.179,0.394,0.177,0.139,0.112
user_1519,0.262,0.194,0.188,0.100,0.257
user_152,0.281,0.177,0.229,0.134,0.179
user_1520,0.291,0.124,0.120,0.125,0.341
user_1521,0.253,0.174,0.226,0.133,0.214
user_1524,0.217,0.217,0.238,0.127,0.201
user_1525,0.250,0.177,0.190,0.141,0.242
user_1526,0.262,0.193,0.196,0.147,0.202
user_1528,0.268,0.172,0.238,0.123,0.198
user_153,0.531,0.144,0.059,0.030,0.236
user_1530,0.201,0.175,0.278,0.131,0.215
user_1532,0.332,0.147,0.225,0.061,0.236
user_1533,0.457,0.075,0.156,0.092,0.220
user_1534,0.211,0.268,0.205,0.126,0.191
user_1535,0.159,0.135,0.204,0.136,0.366
user_1536,0.222,0.183,0.227,0.145,0.223
user_1537,0.206,0.168,0.245,0.150,0.231
user_1538,0.285,0.169,0.211,0.117,0.218
user_154,0.251,0.170,0.234,0.132,0.213
user_1540,0.273,0.174,0.218,0.130,0.205
user_1541,0.105,0.332,0.209,0.138,0.216
user_1542,0.156,0.145,0.322,0.113,0.264
user_1543,0.191,0.160,0.275,0.161,0.213
user_1544,0.136,0.087,0.409,0.149,0.220
user_1545,0.114,0.403,0.199,0.087,0.197
user_1546,0.193,0.160,0.300,0.130,0.217
user_1549,0.249,0.267,0.153,0.142,0.188
user_155,0.173,0.165,0.287,0.112,0.264
user_1550,0.252,0.173,0.228,0.133,0.214
user_1551,0.229,0.174,0.242,0.139,0.216
user_1552,0.196,0.172,0.284,0.113,0.235
user_1553,0.241,0.182,0.226,0.130,0.221
user_1554,0.245,0.183,0.250,0.125,0.197
user_1555,0.246,0.176,0.231,0.138,0.210
user_1556,0.424,0.090,0.316,0.135,0.035
user_1557,0.188,0.198,0.224,0.121,0.269
user_1558,0.199,0.324,0.176,0.117,0.183
user_1559,0.258,0.175,0.220,0.132,0.215
user_156,0.269,0.317,0.103,0.116,0.195
user_1560,0.342,0.138,0.216,0.181,0.124
user_1561,0.231,0.158,0.238,0.136,0.237
user_1562,0.245,0.175,0.238,0.130,0.212
user_1563,0.374,0.285,0.115,0.117,0.110
user_1564,0.109,0.209,0.189,0.090,0.403
user_1565,0.278,0.164,0.211,0.139,0.208
user_1566,0.235,0.150,0.218,0.144,0.254
user_1567,0.202,0.155,0.199,0.195,0.249
user_1568,0.183,0.165,0.318,0.129,0.205
user_1569,0.209,0.195,0.234,0.140,0.222
user_157,0.260,0.170,0.204,0.133,0.234
user_1570,0.235,0.176,0.170,0.135,0.285
user_1571,0.252,0.172,0.244,0.129,0.203
user_1572,0.213,0.174,0.209,0.153,0.251
user_1573,0.235,0.289,0.337,0.094,0.044
user_1574,0.292,0.240,0.200,0.101,0.167
user_1575,0.220,0.164,0.189,0.144,0.284
user_1576,0.271,0.178,0.217,0.124,0.210
user_1577,0.158,0.195,0.169,0.139,0.340
user_1578,0.243,0.088,0.238,0.174,0.257
user_1579,0.113,0.165,0.327,0.107,0.288
user_1580,0.225,0.182,0.372,0.065,0.156
user_1581,0.263,0.176,0.226,0.126,0.209
user_1582,0.277,0.205,0.233,0.123,0.162
user_1583,0.254,0.173,0.225,0.132,0.216
user_1584,0.257,0.166,0.148,0.128,0.301
user_1585,0.244,0.169,0.171,0.158,0.258
user_1586,0.182,0.182,0.153,0.147,0.336
user_1588,0.324,0.227,0.160,0.176,0.113
user_1589,0.240,0.164,0.269,0.122,0.205
user_159,0.294,0.182,0.151,0.127,0.246
user_1590,0.208,0.179,0.296,0.130,0.188
user_1591,0.304,0.201,0.162,0.136,0.197
user_1592,0.241,0.176,0.236,0.132,0.215
user_1593,0.198,0.180,0.217,0.151,0.254
user_1595,0.254,0.171,0.225,0.133,0.217
user_1596,0.247,0.198,0.123,0.170,0.262
user_1598,0.369,0.072,0.149,0.079,0.331
user_1599,0.252,0.175,0.225,0.132,0.216
user_16,0.209,0.175,0.203,0.163,0.250
user_160,0.236,0.180,0.228,0.121,0.235
user_1601,0.269,0.181,0.214,0.122,0.214
user_1602,0.213,0.188,0.256,0.126,0.216
user_1603,0.239,0.198,0.219,0.131,0.213
user_1604,0.262,0.162,0.200,0.136,0.240
user_1605,0.107,0.102,0.183,0.288,0.321
user_1607,0.203,0.150,0.370,0.150,0.128
user_1608,0.248,0.172,0.225,0.135,0.220
user_1609,0.209,0.160,0.208,0.139,0.285
user_161,0.199,0.170,0.239,0.163,0.230
user_1610,0.172,0.170,0.280,0.119,0.259
user_1611,0.139,0.064,0.384,0.120,0.292
user_1612,0.254,0.200,0.218,0.144,0.185
user_1613,0.170,0.230,0.152,0.104,0.345
user_1614,0.236,0.181,0.254,0.128,0.201
user_1615,0.248,0.175,0.257,0.124,0.195
user_1616,0.206,0.129,0.406,0.078,0.180
user_1617,0.210,0.209,0.216,0.192,0.172
user_1618,0.258,0.171,0.223,0.132,0.215
user_1619,0.269,0.167,0.226,0.127,0.211
user_162,0.178,0.165,0.202,0.162,0.292
user_1620,0.226,0.163,0.233,0.134,0.243
user_1621,0.096,0.156,0.269,0.395,0.083
user_1622,0.287,0.164,0.204,0.147,0.198
user_1623,0.255,0.175,0.240,0.122,0.208
user_1624,0.216,0.155,0.263,0.122,0.243
user_1625,0.231,0.153,0.287,0.144,0.185
user_1626,0.161,0.036,0.343,0.174,0.286
user_1627,0.256,0.171,0.229,0.132,0.213
user_1628,0.262,0.166,0.220,0.133,0.220
user_1629,0.280,0.166,0.204,0.134,0.216
user_163,0.259,0.163,0.240,0.127,0.211
user_1631,0.250,0.176,0.240,0.129,0.205
user_1632,0.244,0.155,0.198,0.160,0.243
user_1633,0.178,0.251,0.204,0.110,0.257
user_1634,0.210,0.222,0.185,0.129,0.254
user_1635,0.105,0.183,0.139,0.281,0.292
user_1636,0.243,0.181,0.246,0.122,0.209
user_1637,0.299,0.164,0.221,0.125,0.192
user_1638,0.180,0.160,0.207,0.143,0.310
user_1639,0.183,0.114,0.143,0.081,0.479
user_164,0.244,0.177,0.227,0.131,0.221
user_1640,0.612,0.017,0.300,0.032,0.039
user_1641,0.164,0.160,0.239,0.179,0.257
user_1643,0.224,0.185,0.241,0.128,0.222
user_1644,0.369,0.166,0.078,0.134,0.253
user_1645,0.263,0.178,0.193,0.132,0.235
user_1646,0.182,0.103,0.259,0.268,0.187
user_1647,0.244,0.160,0.230,0.129,0.237
user_1648,0.253,0.206,0.229,0.069,0.243
user_1649,0.246,0.172,0.243,0.126,0.213
user_165,0.245,0.253,0.199,0.138,0.165
user_1651,0.145,0.190,0.381,0.109,0.174
user_1652,0.230,0.226,0.261,0.129,0.155
user_1653,0.461,0.180,0.122,0.064,0.172
user_1654,0.224,0.186,0.220,0.155,0.215
user_1655,0.257,0.185,0.221,0.136,0.201
user_1656,0.189,0.212,0.224,0.127,0.249
user_1658,0.272,0.200,0.143,0.111,0.274
user_1659,0.132,0.135,0.466,0.086,0.182
user_166,0.229,0.182,0.231,0.130,0.227
user_1660,0.206,0.158,0.248,0.129,0.259
user_1661,0.264,0.173,0.221,0.134,0.208
user_1662,0.201,0.182,0.274,0.123,0.219
user_1663,0.234,0.200,0.172,0.164,0.229
user_1664,0.154,0.136,0.334,0.164,0.212
user_1665,0.308,0.258,0.185,0.171,0.078
user_1666,0.290,0.173,0.210,0.127,0.200
user_1667,0.250,0.165,0.219,0.133,0.233
user_1668,0.259,0.174,0.221,0.135,0.210
user_1669,0.189,0.230,0.228,0.134,0.218
user_167,0.262,0.195,0.254,0.110,0.179
user_1670,0.233,0.186,0.218,0.132,0.231
user_1671,0.239,0.172,0.241,0.130,0.218
user_1672,0.089,0.143,0.233,0.093,0.442
user_1674,0.266,0.174,0.194,0.132,0.234
user_1675,0.246,0.170,0.229,0.128,0.227
user_1676,0.262,0.175,0.220,0.130,0.212
user_1677,0.219,0.178,0.295,0.105,0.203
user_1678,0.153,0.199,0.234,0.187,0.228
user_1679,0.237,0.185,0.224,0.157,0.196
user_168,0.278,0.167,0.193,0.138,0.223
user_1680,0.143,0.079,0.361,0.208,0.209
user_1681,0.253,0.174,0.226,0.134,0.214
user_1682,0.253,0.185,0.187,0.151,0.223
user_1683,0.247,0.173,0.162,0.164,0.255
user_1684,0.325,0.185,0.163,0.138,0.190
user_1685,0.321,0.181,0.211,0.113,0.174
user_1686,0.218,0.175,0.203,0.272,0.132
user_1687,0.240,0.197,0.213,0.151,0.199
user_1688,0.151,0.237,0.228,0.286,0.098
user_1689,0.295,0.185,0.198,0.136,0.186
user_169,0.285,0.171,0.204,0.130,0.210
user_1690,0.203,0.190,0.372,0.110,0.124
user_1691,0.165,0.359,0.270,0.090,0.115
user_1692,0.160,0.192,0.229,0.114,0.305
user_1695,0.223,0.186,0.263,0.135,0.194
user_1696,0.143,0.190,0.208,0.185,0.274
user_1697,0.205,0.158,0.254,0.137,0.247
user_1698,0.249,0.172,0.231,0.133,0.215
user_1699,0.163,0.183,0.220,0.168,0.266
user_17,0.233,0.171,0.244,0.135,0.217
user_1700,0.312,0.211,0.162,0.135,0.180
user_1701,0.188,0.162,0.215,0.147,0.288
user_1703,0.195,0.232,0.227,0.161,0.184
user_1704,0.399,0.133,0.097,0.099,0.273
user_1705,0.189,0.187,0.294,0.137,0.194
user_1706,0.242,0.084,0.365,0.080,0.230
user_1707,0.258,0.173,0.226,0.135,0.208
user_1708,0.184,0.160,0.284,0.140,0.232
user_1709,0.220,0.127,0.422,0.094,0.137
user_171,0.418,0.092,0.188,0.145,0.157
user_1710,0.264,0.166,0.231,0.125,0.214
user_1712,0.232,0.170,0.239,0.136,0.223
user_1713,0.370,0.142,0.235,0.114,0.139
user_1714,0.272,0.249,0.156,0.107,0.217
user_1716,0.252,0.169,0.229,0.128,0.222
user_1717,0.245,0.165,0.249,0.128,0.212
user_1719,0.381,0.196,0.203,0.101,0.119
user_172,0.251,0.162,0.252,0.127,0.208
user_1720,0.169,0.210,0.220,0.102,0.299
user_1721,0.240,0.178,0.240,0.129,0.213
user_1722,0.248,0.169,0.225,0.121,0.237
user_1723,0.216,0.194,0.247,0.268,0.074
user_1724,0.083,0.325,0.265,0.053,0.273
user_1725,0.133,0.197,0.290,0.107,0.272
user_1726,0.204,0.164,0.266,0.138,0.227
user_1728,0.272,0.169,0.221,0.131,0.207
user_1729,0.228,0.162,0.166,0.134,0.311
user_173,0.302,0.162,0.221,0.127,0.188
user_1730,0.267,0.171,0.230,0.130,0.202
user_1731,0.123,0.284,0.296,0.089,0.208
user_1733,0.300,0.231,0.216,0.081,0.172
user_1734,0.366,0.121,0.239,0.096,0.178
user_1735,0.156,0.092,0.059,0.117,0.576
user_1736,0.256,0.255,0.068,0.181,0.240
user_1737,0.254,0.214,0.189,0.147,0.196
user_1738,0.207,0.175,0.285,0.120,0.213
user_1739,0.247,0.174,0.234,0.134,0.211
user_174,0.260,0.171,0.223,0.133,0.212
user_1741,0.479,0.140,0.201,0.024,0.156
user_1742,0.206,0.185,0.213,0.124,0.272
user_1744,0.193,0.178,0.212,0.189,0.228
user_1745,0.131,0.178,0.237,0.130,0.325
user_1746,0.445,0.139,0.181,0.097,0.139
user_1747,0.221,0.180,0.252,0.143,0.204
user_1748,0.172,0.167,0.239,0.194,0.228
user_1749,0.213,0.186,0.251,0.154,0.196
user_175,0.223,0.175,0.267,0.130,0.205
user_1750,0.228,0.175,0.255,0.130,0.212
user_1751,0.252,0.173,0.228,0.133,0.214
user_1752,0.252,0.174,0.228,0.132,0.214
user_1753,0.246,0.218,0.179,0.143,0.214
user_1755,0.266,0.138,0.199,0.162,0.235
user_1756,0.445,0.096,0.168,0.092,0.199
user_1757,0.430,0.138,0.327,0.050,0.055
user_1758,0.239,0.181,0.235,0.127,0.217
user_1759,0.248,0.174,0.229,0.137,0.212
user_176,0.230,0.153,0.234,0.133,0.251
user_1760,0.219,0.068,0.471,0.197,0.045
user_1762,0.280,0.166,0.202,0.116,0.237
user_1763,0.129,0.131,0.270,0.075,0.395
user_1764,0.242,0.180,0.250,0.118,0.211
user_1765,0.233,0.169,0.239,0.137,0.221
user_1766,0.255,0.087,0.206,0.322,0.131
user_1767,0.224,0.154,0.278,0.129,0.215
user_1768,0.253,0.173,0.229,0.131,0.213
user_1769,0.200,0.136,0.340,0.043,0.280
user_177,0.239,0.150,0.198,0.138,0.275
user_1771,0.252,0.173,0.228,0.133,0.214
user_1772,0.221,0.187,0.218,0.116,0.258
user_1774,0.206,0.207,0.278,0.143,0.165
user_1775,0.213,0.145,0.185,0.105,0.352
user_1777,0.213,0.170,0.262,0.129,0.226
user_1778,0.154,0.162,0.245,0.105,0.333
user_1779,0.197,0.203,0.194,0.123,0.282
user_1780,0.257,0.174,0.221,0.135,0.212
user_1781,0.234,0.172,0.234,0.126,0.234
user_1783,0.219,0.173,0.236,0.136,0.236
user_1784,0.195,0.095,0.485,0.111,0.114
user_1785,0.092,0.052,0.451,0.325,0.080
user_1786,0.199,0.041,0.154,0.302,0.304
user_1787,0.274,0.172,0.218,0.133,0.203
user_1789,0.228,0.169,0.247,0.129,0.227
user_179,0.226,0.181,0.206,0.168,0.219
user_1790,0.253,0.162,0.136,0.150,0.298
user_1791,0.241,0.178,0.233,0.132,0.216
user_1792,0.206,0.178,0.306,0.143,0.168
user_1793,0.242,0.201,0.199,0.151,0.207
user_1794,0.286,0.187,0.222,0.111,0.195
user_1795,0.178,0.159,0.209,0.083,0.372
user_1796,0.215,0.208,0.211,0.127,0.239
user_1797,0.233,0.172,0.198,0.130,0.267
user_1798,0.051,0.086,0.242,0.380,0.242
user_180,0.085,0.359,0.194,0.077,0.284
user_1800,0.360,0.102,0.284,0.075,0.179
user_1801,0.261,0.427,0.042,0.054,0.216
user_1802,0.251,0.173,0.216,0.120,0.240
user_1803,0.251,0.173,0.229,0.132,0.214
user_1804,0.269,0.171,0.221,0.134,0.206
user_1805,0.251,0.173,0.231,0.131,0.214
user_1806,0.217,0.161,0.333,0.122,0.168
user_1807,0.174,0.137,0.410,0.133,0.146
user_1808,0.246,0.169,0.216,0.134,0.235
user_1809,0.356,0.143,0.254,0.058,0.190
user_181,0.245,0.173,0.231,0.133,0.218
user_1810,0.163,0.125,0.271,0.156,0.285
user_1811,0.165,0.251,0.234,0.124,0.226
user_1812,0.152,0.270,0.125,0.215,0.238
user_1813,0.271,0.355,0.049,0.118,0.208
user_1814,0.224,0.175,0.228,0.142,0.230
user_1815,0.195,0.167,0.215,0.149,0.273
user_1816,0.240,0.174,0.232,0.136,0.217
user_1817,0.349,0.150,0.185,0.103,0.214
user_1818,0.239,0.174,0.236,0.130,0.221
user_1819,0.324,0.179,0.178,0.112,0.207
user_182,0.338,0.114,0.304,0.094,0.150
user_1821,0.253,0.173,0.228,0.131,0.214
user_1822,0.237,0.155,0.302,0.166,0.140
user_1823,0.248,0.174,0.226,0.134,0.218
user_1824,0.249,0.176,0.227,0.134,0.214
user_1825,0.252,0.158,0.250,0.136,0.205
user_1826,0.150,0.194,0.262,0.125,0.268
user_1828,0.224,0.155,0.209,0.124,0.287
user_1829,0.190,0.192,0.263,0.126,0.228
user_183,0.221,0.116,0.296,0.135,0.232
user_1830,0.161,0.154,0.225,0.132,0.328
user_1831,0.192,0.093,0.154,0.159,0.402
user_1833,0.226,0.182,0.262,0.131,0.199
user_1834,0.187,0.187,0.300,0.118,0.209
user_1835,0.161,0.081,0.364,0.166,0.228
user_1836,0.251,0.176,0.224,0.134,0.215
user_1838,0.331,0.048,0.175,0.144,0.301
user_1839,0.236,0.197,0.085,0.049,0.432
user_184,0.161,0.158,0.189,0.127,0.366
user_1840,0.232,0.239,0.212,0.147,0.170
user_1841,0.236,0.185,0.282,0.127,0.170
user_1843,0.231,0.164,0.270,0.130,0.206
user_1844,0.340,0.132,0.223,0.108,0.198
user_1845,0.291,0.207,0.077,0.224,0.201
user_1848,0.243,0.169,0.225,0.135,0.228
user_185,0.189,0.187,0.186,0.233,0.206
user_1850,0.307,0.198,0.254,0.139,0.102
user_1851,0.016,0.199,0.286,0.270,0.229
user_1852,0.255,0.170,0.230,0.131,0.214
user_1853,0.240,0.198,0.244,0.124,0.194
user_1854,0.187,0.157,0.210,0.115,0.331
user_1855,0.263,0.222,0.272,0.094,0.148
user_1856,0.205,0.137,0.317,0.124,0.217
user_1857,0.225,0.184,0.312,0.112,0.166
user_1858,0.243,0.174,0.238,0.133,0.212
user_186,0.220,0.184,0.257,0.130,0.209
user_1860,0.239,0.173,0.242,0.134,0.213
user_1861,0.290,0.172,0.209,0.122,0.207
user_1863,0.201,0.345,0.142,0.169,0.142
user_1864,0.146,0.146,0.337,0.113,0.260
user_1865,0.154,0.163,0.169,0.116,0.398
user_1866,0.248,0.172,0.244,0.127,0.209
user_1868,0.194,0.178,0.146,0.115,0.367
user_1869,0.184,0.143,0.138,0.082,0.454
user_187,0.285,0.140,0.225,0.139,0.211
user_1870,0.246,0.194,0.227,0.132,0.201
user_1871,0.187,0.363,0.087,0.047,0.316
user_1872,0.209,0.212,0.215,0.134,0.231
user_1873,0.187,0.107,0.099,0.178,0.429
user_1874,0.231,0.170,0.237,0.140,0.222
user_1875,0.221,0.189,0.237,0.145,0.207
user_1876,0.220,0.197,0.198,0.113,0.273
user_1877,0.237,0.168,0.244,0.145,0.206
user_1878,0.210,0.178,0.270,0.122,0.220
user_1879,0.264,0.058,0.080,0.183,0.415
user_188,0.187,0.179,0.290,0.147,0.197
user_1881,0.311,0.182,0.186,0.126,0.194
user_1883,0.263,0.385,0.131,0.114,0.107
user_1884,0.082,0.252,0.108,0.095,0.463
user_1885,0.244,0.164,0.116,0.142,0.334
user_1886,0.212,0.227,0.258,0.100,0.203
user_1888,0.262,0.174,0.238,0.118,0.208
user_1889,0.176,0.332,0.139,0.104,0.250
user_1890,0.430,0.163,0.101,0.117,0.188
user_1892,0.238,0.179,0.244,0.128,0.210
user_1893,0.230,0.173,0.222,0.138,0.237
user_1894,0.145,0.349,0.173,0.137,0.196
user_1896,0.069,0.316,0.366,0.150,0.099
user_1897,0.248,0.067,0.237,0.073,0.375
user_1898,0.302,0.152,0.201,0.094,0.250
user_1899,0.270,0.114,0.326,0.157,0.132
user_19,0.224,0.289,0.194,0.155,0.139
user_190,0.182,0.191,0.205,0.162,0.261
user_1900,0.323,0.102,0.192,0.107,0.276
user_1901,0.439,0.292,0.147,0.091,0.031
user_1902,0.193,0.219,0.214,0.138,0.236
user_1903,0.219,0.332,0.178,0.108,0.163
user_1905,0.215,0.103,0.182,0.079,0.422
user_1907,0.178,0.171,0.252,0.146,0.253
user_1908,0.210,0.179,0.289,0.125,0.196
user_1909,0.250,0.181,0.226,0.129,0.214
user_191,0.247,0.200,0.235,0.127,0.191
user_1910,0.232,0.283,0.149,0.133,0.203
user_1911,0.265,0.171,0.223,0.129,0.212
user_1912,0.118,0.105,0.178,0.095,0.503
user_1913,0.251,0.172,0.228,0.133,0.216
user_1914,0.181,0.135,0.296,0.123,0.265
user_1916,0.253,0.186,0.220,0.131,0.209
user_1917,0.210,0.172,0.259,0.133,0.226
user_1918,0.252,0.176,0.199,0.135,0.238
user_192,0.217,0.182,0.189,0.169,0.242
user_1920,0.207,0.181,0.215,0.146,0.251
user_1921,0.340,0.075,0.351,0.046,0.188
user_1922,0.150,0.321,0.236,0.184,0.108
user_1923,0.182,0.169,0.358,0.122,0.169
user_1924,0.209,0.160,0.231,0.130,0.271
user_1925,0.334,0.035,0.236,0.212,0.184
user_1926,0.198,0.295,0.211,0.205,0.092
user_1927,0.233,0.204,0.177,0.139,0.247
user_1929,0.220,0.172,0.226,0.131,0.251
user_193,0.212,0.165,0.280,0.121,0.221
user_1930,0.223,0.169,0.241,0.139,0.227
user_1931,0.136,0.103,0.297,0.252,0.213
user_1932,0.318,0.245,0.220,0.068,0.149
user_1933,0.235,0.169,0.241,0.137,0.218
user_1934,0.242,0.260,0.310,0.060,0.127
user_1935,0.327,0.258,0.122,0.099,0.194
user_1936,0.026,0.061,0.358,0.333,0.223
user_1937,0.331,0.188,0.163,0.141,0.177
user_1938,0.156,0.160,0.378,0.104,0.202
user_1939,0.186,0.164,0.352,0.114,0.184
user_1940,0.118,0.201,0.176,0.125,0.380
user_1941,0.322,0.162,0.199,0.146,0.171
user_1942,0.248,0.174,0.223,0.128,0.227
user_1943,0.226,0.210,0.199,0.118,0.248
user_1944,0.223,0.170,0.227,0.142,0.238
user_1946,0.279,0.171,0.131,0.028,0.391
user_1948,0.243,0.175,0.233,0.132,0.217
user_1949,0.131,0.103,0.124,0.171,0.470
user_1950,0.246,0.169,0.234,0.126,0.225
user_1951,0.264,0.179,0.266,0.114,0.177
user_1952,0.199,0.211,0.181,0.110,0.299
user_1953,0.182,0.307,0.129,0.151,0.231
user_1954,0.166,0.363,0.185,0.068,0.217
user_1955,0.247,0.199,0.196,0.164,0.194
user_1956,0.310,0.140,0.238,0.112,0.200
user_1957,0.255,0.174,0.232,0.132,0.207
user_1958,0.272,0.218,0.193,0.117,0.200
user_1959,0.203,0.137,0.354,0.117,0.189
user_196,0.271,0.164,0.217,0.132,0.216
user_1960,0.183,0.150,0.359,0.154,0.154
user_1961,0.260,0.181,0.230,0.127,0.203
user_1964,0.256,0.175,0.222,0.133,0.213
user_1965,0.223,0.130,0.117,0.216,0.314
user_1966,0.251,0.179,0.211,0.161,0.199
user_1967,0.229,0.167,0.257,0.141,0.206
user_1968,0.252,0.173,0.228,0.133,0.214
user_1969,0.163,0.191,0.258,0.142,0.245
user_197,0.173,0.234,0.200,0.178,0.215
user_1970,0.117,0.118,0.313,0.221,0.232
user_1972,0.399,0.153,0.216,0.131,0.102
user_1973,0.239,0.101,0.244,0.080,0.336
user_1974,0.226,0.164,0.247,0.133,0.229
user_1976,0.120,0.229,0.115,0.142,0.394
user_1977,0.255,0.174,0.228,0.133,0.210
user_1978,0.308,0.179,0.253,0.087,0.173
user_1979,0.258,0.185,0.203,0.122,0.231
user_198,0.249,0.170,0.220,0.136,0.225
user_1980,0.229,0.170,0.257,0.125,0.218
user_1981,0.165,0.274,0.204,0.146,0.212
user_1982,0.252,0.180,0.213,0.141,0.214
user_1983,0.275,0.174,0.212,0.134,0.204
user_1984,0.236,0.159,0.212,0.146,0.247
user_1985,0.195,0.177,0.238,0.135,0.255
user_1986,0.312,0.159,0.198,0.125,0.206
user_1987,0.216,0.167,0.221,0.127,0.269
user_1988,0.300,0.152,0.202,0.141,0.205
user_1989,0.240,0.172,0.234,0.137,0.216
user_199,0.232,0.170,0.253,0.132,0.212
user_1990,0.095,0.510,0.149,0.090,0.156
user_1991,0.297,0.191,0.209,0.126,0.177
user_1992,0.174,0.148,0.320,0.122,0.236
user_1993,0.207,0.180,0.257,0.116,0.240
user_1994,0.254,0.172,0.213,0.124,0.237
user_1995,0.235,0.185,0.171,0.143,0.265
user_1996,0.226,0.295,0.160,0.159,0.159
user_1997,0.207,0.338,0.121,0.126,0.207
user_1998,0.210,0.159,0.187,0.168,0.276
user_1999,0.199,0.156,0.309,0.107,0.229
user_2,0.217,0.164,0.251,0.129,0.239
user_20,0.230,0.177,0.244,0.130,0.219
user_200,0.359,0.140,0.191,0.112,0.198
user_2001,0.303,0.294,0.099,0.053,0.252
user_2002,0.338,0.152,0.174,0.126,0.210
user_2003,0.195,0.167,0.174,0.138,0.325
user_2004,0.136,0.025,0.661,0.070,0.108
user_2005,0.213,0.158,0.275,0.125,0.229
user_2006,0.268,0.184,0.185,0.140,0.224
user_2007,0.359,0.228,0.193,0.088,0.131
user_2008,0.145,0.173,0.173,0.361,0.149
user_2009,0.259,0.036,0.302,0.063,0.340
user_201,0.205,0.208,0.256,0.175,0.156
user_2010,0.226,0.165,0.196,0.137,0.276
user_2013,0.231,0.176,0.235,0.130,0.228
user_2014,0.321,0.161,0.079,0.266,0.173
user_2015,0.236,0.180,0.244,0.125,0.215
user_2016,0.264,0.174,0.150,0.150,0.262
user_2017,0.214,0.182,0.249,0.073,0.283
user_2018,0.220,0.175,0.222,0.134,0.248
user_2019,0.256,0.176,0.208,0.135,0.224
user_2020,0.252,0.315,0.103,0.134,0.197
user_2021,0.254,0.174,0.222,0.132,0.218
user_2022,0.182,0.388,0.139,0.092,0.199
user_2023,0.270,0.161,0.228,0.128,0.213
user_2024,0.204,0.149,0.274,0.116,0.256
