user_10416,0.558,0.126,0.085,0.110,0.121
user_10418,0.281,0.145,0.130,0.161,0.282
user_10423,0.239,0.260,0.181,0.163,0.157
user_10424,0.364,0.168,0.134,0.147,0.187
user_10425,0.322,0.225,0.119,0.112,0.222
user_10426,0.369,0.170,0.170,0.134,0.158
user_10429,0.451,0.147,0.162,0.112,0.128
user_1043,0.395,0.155,0.210,0.107,0.134
user_10431,0.205,0.159,0.285,0.284,0.067
user_10433,0.494,0.135,0.081,0.210,0.080
user_10434,0.396,0.164,0.166,0.115,0.159
user_10437,0.332,0.177,0.183,0.132,0.176
user_10438,0.306,0.180,0.246,0.126,0.143
user_10439,0.348,0.169,0.174,0.126,0.184
user_1044,0.287,0.172,0.191,0.131,0.220
user_10440,0.438,0.091,0.162,0.266,0.042
user_10441,0.319,0.174,0.178,0.131,0.198
user_10442,0.302,0.188,0.162,0.159,0.190
user_10443,0.313,0.177,0.171,0.129,0.209
user_10444,0.262,0.118,0.531,0.040,0.049
user_10445,0.193,0.099,0.073,0.367,0.267
user_10446,0.350,0.180,0.128,0.118,0.224
user_10447,0.282,0.157,0.334,0.144,0.083
user_10449,0.329,0.172,0.177,0.131,0.191
user_10452,0.198,0.167,0.160,0.091,0.384
user_10454,0.226,0.207,0.451,0.075,0.041
user_10455,0.417,0.174,0.145,0.126,0.138
user_10456,0.295,0.435,0.079,0.107,0.084
user_10457,0.442,0.172,0.113,0.156,0.118
user_10458,0.318,0.175,0.180,0.130,0.197
user_10459,0.366,0.297,0.146,0.117,0.074
user_1046,0.253,0.286,0.134,0.108,0.219
user_10464,0.318,0.175,0.181,0.131,0.195
user_10465,0.242,0.262,0.137,0.236,0.123
user_1047,0.328,0.168,0.174,0.135,0.195
user_10471,0.276,0.175,0.206,0.128,0.214
user_10473,0.315,0.173,0.215,0.136,0.161
user_10474,0.441,0.192,0.155,0.102,0.110
user_10477,0.400,0.145,0.156,0.169,0.130
user_10478,0.211,0.052,0.448,0.113,0.175
user_10479,0.205,0.138,0.408,0.123,0.126
user_1048,0.272,0.344,0.166,0.131,0.087
user_10480,0.319,0.179,0.179,0.130,0.193
user_10483,0.319,0.187,0.200,0.134,0.160
user_10485,0.368,0.170,0.172,0.132,0.158
user_10488,0.099,0.229,0.257,0.201,0.214
user_10489,0.268,0.203,0.147,0.116,0.267
user_1049,0.388,0.166,0.176,0.141,0.129
user_10490,0.267,0.277,0.287,0.080,0.088
user_10491,0.352,0.165,0.157,0.123,0.203
user_10493,0.288,0.178,0.185,0.129,0.220
user_10494,0.225,0.188,0.088,0.168,0.331
user_10496,0.266,0.364,0.093,0.032,0.246
user_10497,0.405,0.164,0.171,0.134,0.126
user_10498,0.325,0.161,0.232,0.133,0.150
user_105,0.214,0.113,0.467,0.117,0.089
user_1050,0.318,0.088,0.290,0.137,0.167
user_10501,0.394,0.106,0.165,0.175,0.159
user_10503,0.335,0.173,0.202,0.046,0.244
user_10504,0.451,0.175,0.129,0.139,0.106
user_10505,0.220,0.304,0.127,0.047,0.303
user_10508,0.472,0.141,0.134,0.102,0.151
user_10509,0.405,0.173,0.079,0.121,0.222
user_1051,0.246,0.077,0.084,0.148,0.445
user_10510,0.438,0.171,0.165,0.109,0.117
user_10511,0.319,0.176,0.187,0.098,0.220
user_10516,0.147,0.412,0.071,0.293,0.077
user_10518,0.284,0.207,0.204,0.158,0.148
user_10519,0.397,0.113,0.126,0.036,0.327
user_10520,0.298,0.216,0.225,0.122,0.138
user_10523,0.404,0.180,0.139,0.110,0.167
user_10524,0.608,0.105,0.126,0.087,0.074
user_10525,0.326,0.176,0.206,0.128,0.164
user_10528,0.232,0.193,0.271,0.180,0.124
user_10529,0.218,0.174,0.383,0.097,0.128
user_1053,0.333,0.281,0.055,0.213,0.118
user_10530,0.299,0.425,0.081,0.067,0.128
user_10532,0.294,0.241,0.364,0.030,0.071
user_10533,0.354,0.171,0.152,0.134,0.188
user_10534,0.315,0.200,0.221,0.126,0.138
user_10539,0.378,0.160,0.176,0.149,0.137
user_1054,0.259,0.181,0.264,0.224,0.072
user_10540,0.312,0.169,0.176,0.132,0.211
user_10542,0.354,0.183,0.177,0.125,0.162
user_10545,0.313,0.187,0.182,0.131,0.188
user_10549,0.325,0.197,0.118,0.179,0.181
user_1055,0.291,0.136,0.220,0.224,0.128
user_10552,0.314,0.186,0.176,0.153,0.171
user_10553,0.356,0.203,0.138,0.149,0.153
user_10554,0.328,0.191,0.217,0.130,0.135
user_10558,0.450,0.077,0.281,0.083,0.110
user_10559,0.326,0.200,0.145,0.128,0.202
user_10560,0.222,0.221,0.212,0.141,0.204
user_10563,0.329,0.181,0.193,0.141,0.155
user_10564,0.253,0.216,0.255,0.120,0.155
user_10565,0.295,0.186,0.196,0.135,0.189
user_10566,0.404,0.195,0.187,0.124,0.090
user_1057,0.299,0.220,0.149,0.137,0.195
user_10570,0.487,0.189,0.135,0.094,0.094
user_10571,0.407,0.171,0.157,0.120,0.144
user_10573,0.228,0.245,0.188,0.147,0.192
user_10574,0.323,0.169,0.182,0.130,0.195
user_10575,0.365,0.166,0.174,0.126,0.169
user_10576,0.311,0.145,0.182,0.160,0.202
user_10578,0.294,0.176,0.166,0.132,0.232
user_1058,0.325,0.174,0.187,0.128,0.185
user_10580,0.316,0.174,0.184,0.133,0.193
user_10584,0.347,0.170,0.158,0.135,0.189
user_10586,0.350,0.167,0.137,0.137,0.209
user_10589,0.337,0.173,0.175,0.142,0.172
user_10590,0.286,0.172,0.236,0.168,0.139
user_10591,0.296,0.181,0.234,0.124,0.166
user_10593,0.381,0.176,0.155,0.132,0.156
user_10594,0.345,0.172,0.161,0.133,0.188
user_10595,0.280,0.039,0.111,0.519,0.051
user_10596,0.354,0.165,0.168,0.124,0.189
user_10597,0.375,0.167,0.173,0.134,0.151
user_10598,0.353,0.202,0.160,0.128,0.156
user_10599,0.311,0.196,0.181,0.144,0.167
user_106,0.301,0.184,0.177,0.132,0.206
user_10601,0.319,0.175,0.182,0.131,0.192
user_10604,0.315,0.182,0.178,0.130,0.194
user_10606,0.233,0.148,0.408,0.090,0.121
user_10608,0.337,0.167,0.201,0.128,0.167
user_1061,0.579,0.145,0.093,0.089,0.095
user_10611,0.212,0.218,0.143,0.250,0.177
user_10612,0.252,0.272,0.196,0.163,0.117
user_10614,0.576,0.176,0.060,0.055,0.133
user_10616,0.358,0.153,0.099,0.211,0.179
user_10617,0.275,0.156,0.183,0.131,0.256
user_10618,0.487,0.142,0.143,0.136,0.093
user_10619,0.317,0.172,0.187,0.142,0.182
user_10620,0.464,0.080,0.148,0.166,0.142
user_10623,0.445,0.157,0.140,0.135,0.124
user_10625,0.364,0.136,0.279,0.121,0.100
user_10628,0.343,0.154,0.192,0.150,0.162
user_1063,0.180,0.180,0.393,0.134,0.112
user_10630,0.314,0.175,0.187,0.129,0.194
user_10631,0.315,0.178,0.186,0.131,0.189
user_10632,0.309,0.179,0.169,0.153,0.190
user_10633,0.499,0.146,0.216,0.050,0.089
user_10634,0.268,0.344,0.101,0.193,0.095
user_10635,0.229,0.306,0.214,0.181,0.069
user_10637,0.380,0.169,0.190,0.131,0.130
user_10638,0.320,0.176,0.170,0.136,0.198
user_1064,0.323,0.174,0.155,0.132,0.215
user_10641,0.372,0.181,0.163,0.145,0.140
user_10642,0.283,0.176,0.192,0.134,0.216
user_10643,0.463,0.059,0.061,0.088,0.329
user_10645,0.314,0.173,0.184,0.134,0.196
user_10646,0.327,0.197,0.204,0.137,0.135
user_10647,0.362,0.161,0.205,0.119,0.154
user_10648,0.305,0.173,0.184,0.131,0.206
user_1065,0.317,0.183,0.208,0.139,0.152
user_10651,0.398,0.154,0.115,0.228,0.105
user_10652,0.328,0.171,0.168,0.140,0.193
user_10655,0.422,0.157,0.151,0.110,0.159
user_10659,0.318,0.173,0.180,0.130,0.198
user_1066,0.491,0.095,0.139,0.035,0.240
user_10661,0.314,0.176,0.177,0.131,0.202
user_10663,0.311,0.169,0.169,0.142,0.208
user_10664,0.260,0.172,0.293,0.072,0.203
user_10665,0.254,0.152,0.147,0.097,0.349
user_10667,0.300,0.171,0.318,0.117,0.094
user_10668,0.328,0.173,0.173,0.137,0.189
user_1067,0.346,0.169,0.158,0.125,0.202
user_10670,0.208,0.266,0.246,0.143,0.138
user_10672,0.497,0.125,0.133,0.126,0.120
user_10673,0.298,0.173,0.180,0.132,0.218
user_10678,0.139,0.072,0.323,0.175,0.290
user_10683,0.319,0.173,0.185,0.133,0.189
user_10685,0.318,0.186,0.195,0.149,0.151
user_10686,0.334,0.173,0.166,0.128,0.198
user_10687,0.283,0.165,0.242,0.149,0.161
user_10688,0.456,0.197,0.057,0.030,0.260
user_10689,0.319,0.185,0.183,0.138,0.175
user_1069,0.224,0.176,0.118,0.159,0.323
user_10690,0.356,0.169,0.161,0.141,0.173
user_10691,0.273,0.172,0.182,0.131,0.242
user_10692,0.289,0.187,0.181,0.134,0.208
user_10693,0.317,0.175,0.180,0.130,0.198
user_10694,0.364,0.171,0.165,0.115,0.186
user_10695,0.331,0.178,0.188,0.136,0.167
user_10697,0.301,0.184,0.165,0.136,0.213
user_10698,0.319,0.180,0.184,0.130,0.186
user_107,0.305,0.173,0.191,0.150,0.182
user_10700,0.322,0.190,0.209,0.121,0.158
user_10703,0.311,0.183,0.149,0.133,0.223
user_10704,0.269,0.198,0.245,0.126,0.161
user_10709,0.299,0.167,0.265,0.163,0.105
user_10710,0.416,0.160,0.134,0.123,0.168
user_10711,0.334,0.174,0.184,0.130,0.178
user_10712,0.309,0.166,0.264,0.132,0.129
user_10716,0.510,0.092,0.116,0.159,0.124
user_10720,0.336,0.225,0.159,0.139,0.141
user_10722,0.312,0.175,0.189,0.138,0.185
user_10724,0.356,0.152,0.158,0.133,0.200
user_10726,0.426,0.216,0.124,0.136,0.097
user_10727,0.302,0.174,0.227,0.147,0.150
user_1073,0.324,0.150,0.159,0.200,0.167
user_10730,0.359,0.194,0.185,0.143,0.119
user_10731,0.349,0.184,0.183,0.127,0.157
user_10732,0.304,0.190,0.155,0.187,0.164
user_10736,0.325,0.172,0.184,0.131,0.188
user_10741,0.492,0.064,0.087,0.232,0.125
user_10743,0.316,0.175,0.174,0.131,0.204
user_10744,0.375,0.179,0.130,0.139,0.176
user_10746,0.317,0.175,0.180,0.129,0.200
user_10747,0.320,0.179,0.329,0.043,0.129
user_10748,0.381,0.158,0.176,0.134,0.152
user_10749,0.343,0.195,0.155,0.132,0.175
user_10750,0.318,0.175,0.179,0.130,0.198
user_10755,0.244,0.234,0.196,0.081,0.245
user_10758,0.422,0.180,0.197,0.106,0.096
user_1076,0.417,0.120,0.155,0.148,0.159
user_10768,0.277,0.169,0.156,0.138,0.260
user_1077,0.305,0.231,0.175,0.118,0.172
user_10772,0.280,0.179,0.153,0.119,0.269
user_1078,0.296,0.183,0.198,0.158,0.165
user_10781,0.163,0.191,0.173,0.127,0.345
user_10782,0.268,0.199,0.184,0.158,0.191
user_10786,0.321,0.207,0.160,0.124,0.188
user_10789,0.330,0.173,0.188,0.130,0.178
user_10790,0.432,0.196,0.110,0.123,0.138
user_10791,0.321,0.176,0.185,0.130,0.188
user_10792,0.360,0.172,0.184,0.136,0.148
user_10793,0.336,0.179,0.179,0.125,0.182
user_10794,0.143,0.244,0.443,0.012,0.158
user_10797,0.306,0.172,0.205,0.131,0.185
user_10798,0.326,0.173,0.171,0.129,0.201
user_10799,0.320,0.174,0.180,0.130,0.196
user_108,0.319,0.174,0.180,0.130,0.196
user_1080,0.323,0.179,0.189,0.128,0.181
user_10800,0.344,0.074,0.172,0.320,0.090
user_10802,0.273,0.252,0.134,0.130,0.211
user_10803,0.272,0.231,0.239,0.108,0.150
user_10804,0.214,0.359,0.178,0.107,0.142
user_10807,0.167,0.428,0.256,0.089,0.061
user_10808,0.317,0.175,0.180,0.130,0.197
user_10809,0.276,0.209,0.116,0.164,0.235
user_10811,0.414,0.139,0.200,0.116,0.131
user_10812,0.352,0.168,0.123,0.130,0.228
user_10815,0.320,0.174,0.179,0.131,0.196
user_10816,0.324,0.186,0.163,0.146,0.181
user_10817,0.275,0.199,0.178,0.133,0.215
user_10818,0.286,0.276,0.113,0.139,0.185
user_10819,0.258,0.159,0.176,0.258,0.149
user_1082,0.289,0.167,0.148,0.138,0.259
user_10820,0.371,0.167,0.206,0.115,0.141
user_10821,0.319,0.174,0.182,0.130,0.196
user_10822,0.287,0.146,0.129,0.171,0.267
user_10823,0.381,0.187,0.153,0.180,0.101
user_10824,0.257,0.364,0.089,0.115,0.175
user_10825,0.217,0.361,0.085,0.235,0.103
user_1083,0.252,0.385,0.112,0.138,0.114
user_10830,0.311,0.174,0.209,0.128,0.178
user_10831,0.372,0.179,0.151,0.131,0.167
user_10832,0.354,0.036,0.372,0.212,0.026
user_10835,0.416,0.183,0.218,0.111,0.072
user_10837,0.491,0.068,0.133,0.124,0.184
user_10839,0.439,0.166,0.146,0.120,0.129
user_10840,0.318,0.179,0.171,0.132,0.200
user_10842,0.313,0.176,0.222,0.132,0.158
user_10845,0.352,0.175,0.173,0.121,0.179
user_10847,0.318,0.176,0.178,0.128,0.199
user_10851,0.182,0.457,0.098,0.092,0.171
user_10852,0.309,0.186,0.190,0.140,0.174
user_10854,0.314,0.188,0.165,0.131,0.201
user_10856,0.363,0.197,0.139,0.169,0.132
user_10857,0.306,0.200,0.143,0.136,0.215
user_10858,0.235,0.245,0.138,0.232,0.151
user_10859,0.318,0.173,0.172,0.129,0.208
user_10861,0.324,0.177,0.221,0.125,0.154
user_10862,0.312,0.176,0.180,0.130,0.201
user_10864,0.295,0.209,0.216,0.065,0.215
user_10865,0.175,0.398,0.089,0.187,0.151
user_10866,0.319,0.174,0.180,0.130,0.196
user_10867,0.324,0.177,0.174,0.130,0.195
user_10868,0.315,0.205,0.170,0.129,0.181
user_10870,0.317,0.175,0.184,0.123,0.200
user_10871,0.516,0.073,0.137,0.199,0.075
user_10872,0.484,0.110,0.239,0.067,0.100
user_10873,0.318,0.188,0.194,0.141,0.159
user_10875,0.332,0.185,0.189,0.124,0.170
user_10876,0.268,0.039,0.174,0.179,0.340
user_10878,0.302,0.172,0.173,0.134,0.218
user_10879,0.475,0.159,0.152,0.129,0.085
user_10880,0.647,0.044,0.038,0.141,0.130
user_10881,0.349,0.195,0.160,0.138,0.157
user_10882,0.493,0.082,0.223,0.101,0.101
user_10883,0.611,0.186,0.032,0.047,0.124
user_10884,0.390,0.026,0.277,0.212,0.094
user_10889,0.314,0.171,0.158,0.134,0.222
user_1089,0.317,0.174,0.180,0.130,0.198
user_10894,0.396,0.160,0.145,0.149,0.150
user_10895,0.277,0.198,0.192,0.150,0.184
user_10896,0.318,0.174,0.179,0.133,0.196
user_10897,0.332,0.171,0.208,0.115,0.174
user_10899,0.279,0.250,0.183,0.134,0.155
user_10901,0.323,0.179,0.161,0.130,0.207
user_10903,0.197,0.122,0.314,0.093,0.274
user_10906,0.247,0.026,0.065,0.437,0.226
user_10907,0.318,0.174,0.180,0.130,0.198
user_10908,0.333,0.141,0.177,0.106,0.243
user_10909,0.376,0.156,0.143,0.119,0.206
user_10910,0.207,0.173,0.130,0.391,0.098
user_10914,0.347,0.172,0.176,0.131,0.173
user_10915,0.277,0.282,0.125,0.187,0.129
user_10917,0.323,0.178,0.199,0.125,0.175
user_10918,0.245,0.273,0.137,0.179,0.165
user_10920,0.293,0.102,0.164,0.347,0.094
user_10921,0.376,0.167,0.164,0.119,0.175
user_10922,0.346,0.213,0.149,0.129,0.162
user_10923,0.323,0.188,0.148,0.152,0.189
user_10926,0.360,0.080,0.133,0.279,0.148
user_10927,0.323,0.176,0.171,0.132,0.197
user_10928,0.309,0.189,0.159,0.125,0.218
user_10929,0.390,0.173,0.147,0.138,0.153
user_1093,0.318,0.176,0.179,0.128,0.200
user_10930,0.334,0.167,0.172,0.134,0.193
user_10932,0.303,0.178,0.187,0.144,0.187
user_10938,0.318,0.142,0.246,0.141,0.154
user_10939,0.395,0.169,0.177,0.145,0.114
user_1094,0.353,0.167,0.323,0.054,0.103
user_10941,0.329,0.174,0.162,0.134,0.201
user_10942,0.313,0.106,0.259,0.185,0.137
user_10944,0.420,0.153,0.151,0.126,0.151
user_10946,0.332,0.167,0.155,0.244,0.102
user_1095,0.275,0.187,0.185,0.153,0.200
user_10950,0.316,0.196,0.148,0.126,0.214
user_10951,0.334,0.191,0.156,0.130,0.188
user_10952,0.296,0.165,0.201,0.127,0.212
user_10954,0.325,0.162,0.210,0.138,0.166
user_10955,0.413,0.117,0.138,0.145,0.187
user_10956,0.301,0.158,0.201,0.152,0.187
user_10958,0.328,0.168,0.243,0.121,0.140
user_10963,0.352,0.177,0.187,0.142,0.142
user_10964,0.301,0.253,0.128,0.213,0.105
user_10966,0.337,0.167,0.179,0.131,0.186
user_10967,0.402,0.219,0.145,0.093,0.142
user_1097,0.330,0.181,0.175,0.138,0.176
user_10973,0.323,0.174,0.179,0.130,0.194
user_10974,0.366,0.148,0.175,0.136,0.175
user_10976,0.283,0.247,0.199,0.121,0.149
user_1098,0.328,0.165,0.218,0.119,0.170
user_10982,0.246,0.063,0.060,0.232,0.399
user_10983,0.243,0.109,0.363,0.139,0.145
user_10984,0.292,0.222,0.212,0.114,0.159
user_10985,0.315,0.179,0.216,0.133,0.156
user_10986,0.371,0.173,0.163,0.132,0.160
user_10987,0.304,0.179,0.181,0.135,0.201
user_10988,0.345,0.298,0.096,0.119,0.143
user_10992,0.308,0.193,0.184,0.135,0.181
user_10994,0.266,0.087,0.143,0.276,0.228
user_10995,0.294,0.191,0.193,0.192,0.130
user_10996,0.253,0.269,0.177,0.128,0.173
user_10997,0.345,0.168,0.182,0.120,0.184
user_10998,0.326,0.175,0.182,0.133,0.184
user_10999,0.465,0.112,0.224,0.108,0.091
user_11,0.214,0.261,0.153,0.148,0.225
user_11001,0.302,0.205,0.201,0.130,0.162
user_11004,0.320,0.175,0.178,0.128,0.198
user_11005,0.318,0.176,0.183,0.131,0.192
user_11008,0.314,0.176,0.181,0.130,0.199
user_11009,0.284,0.136,0.240,0.165,0.174
user_1101,0.304,0.185,0.181,0.129,0.200
user_11011,0.341,0.174,0.181,0.128,0.176
user_11015,0.287,0.222,0.166,0.123,0.202
user_11019,0.320,0.175,0.180,0.127,0.197
user_1102,0.328,0.176,0.158,0.154,0.183
user_11024,0.372,0.190,0.148,0.132,0.159
user_11026,0.100,0.152,0.122,0.398,0.228
user_11031,0.493,0.110,0.221,0.043,0.132
user_11034,0.420,0.194,0.096,0.111,0.179
user_11035,0.275,0.178,0.175,0.151,0.221
user_11036,0.319,0.175,0.180,0.131,0.195
user_11037,0.347,0.162,0.159,0.143,0.190
user_11038,0.254,0.148,0.136,0.167,0.296
user_11039,0.293,0.115,0.149,0.081,0.362
user_11041,0.323,0.059,0.275,0.062,0.282
user_11045,0.237,0.227,0.216,0.172,0.148
user_11046,0.364,0.344,0.074,0.034,0.184
user_11047,0.435,0.178,0.153,0.128,0.106
user_11048,0.309,0.211,0.163,0.155,0.162
user_11050,0.300,0.182,0.173,0.131,0.214
user_11053,0.145,0.292,0.136,0.023,0.404
user_11054,0.336,0.171,0.170,0.129,0.195
user_11055,0.310,0.217,0.123,0.095,0.254
user_11060,0.319,0.182,0.156,0.124,0.219
user_11063,0.365,0.162,0.209,0.220,0.044
user_11064,0.321,0.174,0.184,0.132,0.189
user_11066,0.292,0.242,0.171,0.134,0.160
user_11068,0.407,0.170,0.133,0.144,0.145
user_11069,0.332,0.180,0.186,0.124,0.178
user_1107,0.326,0.173,0.172,0.129,0.200
user_11070,0.233,0.113,0.086,0.300,0.268
user_11071,0.452,0.165,0.134,0.114,0.135
user_11074,0.266,0.196,0.239,0.153,0.145
user_11076,0.322,0.133,0.200,0.231,0.113
user_11077,0.279,0.122,0.262,0.318,0.019
user_11078,0.331,0.172,0.213,0.134,0.149
user_11079,0.320,0.245,0.130,0.125,0.179
user_1108,0.271,0.178,0.183,0.145,0.223
user_11081,0.228,0.197,0.173,0.150,0.252
user_11082,0.316,0.175,0.179,0.131,0.199
user_11084,0.373,0.168,0.173,0.130,0.155
user_11085,0.447,0.118,0.172,0.112,0.151
user_11088,0.351,0.163,0.113,0.216,0.157
user_11089,0.351,0.176,0.181,0.130,0.162
user_11090,0.361,0.167,0.221,0.151,0.099
user_11095,0.312,0.177,0.183,0.129,0.200
user_11098,0.324,0.149,0.200,0.055,0.272
user_111,0.284,0.168,0.228,0.144,0.176
user_1110,0.303,0.172,0.176,0.128,0.221
user_11100,0.417,0.178,0.133,0.114,0.158
user_11102,0.257,0.171,0.185,0.160,0.227
user_11103,0.258,0.173,0.136,0.152,0.281
user_11105,0.314,0.173,0.174,0.131,0.208
user_11110,0.274,0.185,0.186,0.132,0.224
user_11111,0.253,0.214,0.172,0.125,0.237
user_11112,0.264,0.268,0.139,0.131,0.198
user_11113,0.217,0.290,0.220,0.213,0.060
user_11114,0.236,0.217,0.174,0.301,0.072
user_11117,0.231,0.187,0.189,0.138,0.254
user_11118,0.338,0.219,0.130,0.109,0.205
user_11119,0.142,0.060,0.357,0.187,0.254
user_11120,0.375,0.175,0.150,0.189,0.112
user_11121,0.381,0.175,0.152,0.128,0.165
user_11123,0.317,0.169,0.176,0.138,0.200
user_11124,0.370,0.165,0.182,0.120,0.164
user_11125,0.450,0.055,0.157,0.067,0.273
user_11126,0.339,0.176,0.178,0.132,0.175
user_11127,0.228,0.341,0.165,0.166,0.100
user_11130,0.288,0.178,0.192,0.147,0.195
user_11131,0.368,0.165,0.185,0.127,0.155
user_11132,0.317,0.173,0.170,0.132,0.208
user_11136,0.371,0.186,0.291,0.105,0.046
user_11137,0.508,0.148,0.110,0.124,0.110
user_11141,0.356,0.182,0.197,0.133,0.132
user_11142,0.274,0.383,0.100,0.116,0.127
user_11143,0.281,0.188,0.184,0.134,0.212
user_11149,0.449,0.110,0.164,0.101,0.176
user_1115,0.239,0.213,0.160,0.127,0.262
user_11150,0.338,0.185,0.176,0.140,0.161
user_11151,0.359,0.179,0.196,0.128,0.138
user_11158,0.324,0.173,0.153,0.151,0.200
user_11162,0.362,0.187,0.067,0.099,0.286
user_11164,0.328,0.180,0.178,0.130,0.184
user_11165,0.329,0.172,0.168,0.131,0.199
user_11167,0.316,0.195,0.241,0.137,0.112
user_1117,0.367,0.176,0.170,0.127,0.160
user_11173,0.491,0.158,0.133,0.110,0.108
user_11175,0.339,0.170,0.150,0.133,0.208
user_11178,0.339,0.218,0.162,0.142,0.139
user_11179,0.308,0.191,0.182,0.131,0.187
user_1118,0.244,0.210,0.246,0.111,0.189
user_11182,0.398,0.161,0.155,0.152,0.134
user_11184,0.521,0.149,0.109,0.119,0.102
user_11188,0.444,0.059,0.061,0.114,0.321
user_1119,0.306,0.173,0.181,0.132,0.208
user_11191,0.466,0.014,0.067,0.221,0.231
user_11194,0.357,0.137,0.280,0.103,0.123
user_11196,0.333,0.161,0.209,0.126,0.171
user_11199,0.313,0.184,0.179,0.136,0.187
user_112,0.288,0.170,0.175,0.131,0.235
user_1120,0.390,0.232,0.148,0.117,0.113
user_11201,0.334,0.173,0.146,0.130,0.216
user_11203,0.310,0.181,0.243,0.142,0.125
user_11206,0.338,0.193,0.157,0.150,0.161
user_11207,0.302,0.175,0.175,0.140,0.208
user_11209,0.283,0.229,0.157,0.146,0.185
user_1121,0.185,0.451,0.126,0.117,0.121
user_11212,0.258,0.204,0.238,0.183,0.117
user_11213,0.311,0.173,0.166,0.134,0.216
user_11214,0.327,0.324,0.100,0.051,0.198
user_11215,0.273,0.144,0.086,0.110,0.388
user_11216,0.278,0.238,0.185,0.145,0.154
user_11217,0.302,0.249,0.139,0.132,0.178
user_11218,0.397,0.140,0.213,0.173,0.077
user_11220,0.257,0.188,0.063,0.213,0.278
user_11225,0.287,0.170,0.247,0.128,0.168
user_11227,0.308,0.165,0.245,0.129,0.153
user_11228,0.305,0.176,0.190,0.132,0.197
user_1123,0.255,0.242,0.247,0.099,0.157
user_11232,0.314,0.212,0.215,0.125,0.134
user_11237,0.325,0.213,0.095,0.124,0.243
user_11238,0.420,0.122,0.175,0.134,0.149
user_1124,0.276,0.255,0.161,0.122,0.186
user_11243,0.437,0.130,0.102,0.144,0.188
user_11245,0.304,0.184,0.181,0.133,0.197
user_11246,0.329,0.171,0.195,0.143,0.162
user_1125,0.319,0.175,0.180,0.130,0.196
user_11252,0.421,0.186,0.116,0.162,0.115
user_11253,0.420,0.172,0.129,0.120,0.160
user_11255,0.325,0.172,0.183,0.128,0.192
user_11256,0.314,0.175,0.180,0.130,0.201
user_11257,0.415,0.167,0.150,0.127,0.142
user_11263,0.351,0.168,0.173,0.127,0.181
user_11265,0.342,0.175,0.162,0.158,0.163
user_11267,0.327,0.167,0.174,0.132,0.200
user_11268,0.201,0.145,0.324,0.114,0.214
user_11269,0.256,0.301,0.128,0.028,0.288
user_1127,0.314,0.178,0.180,0.130,0.198
user_11270,0.257,0.116,0.395,0.153,0.079
user_11272,0.350,0.190,0.186,0.138,0.136
user_11274,0.341,0.134,0.346,0.101,0.078
user_11276,0.273,0.139,0.320,0.116,0.153
user_11277,0.556,0.109,0.170,0.068,0.097
user_11278,0.333,0.168,0.151,0.176,0.172
user_11283,0.442,0.236,0.122,0.072,0.126
user_11284,0.403,0.202,0.126,0.132,0.138
user_11289,0.409,0.165,0.143,0.153,0.131
user_1129,0.184,0.320,0.064,0.087,0.345
user_11290,0.404,0.182,0.097,0.167,0.150
user_11292,0.316,0.176,0.177,0.130,0.201
user_11294,0.332,0.165,0.257,0.120,0.126
user_11295,0.273,0.210,0.123,0.150,0.243
user_11296,0.290,0.172,0.132,0.116,0.289
user_11299,0.346,0.172,0.192,0.145,0.146
user_113,0.288,0.166,0.133,0.123,0.290
user_1130,0.349,0.154,0.215,0.126,0.157
user_11300,0.413,0.174,0.160,0.024,0.229
user_11302,0.321,0.178,0.174,0.135,0.193
user_11304,0.461,0.093,0.070,0.214,0.162
user_11306,0.324,0.049,0.052,0.210,0.366
user_11307,0.444,0.163,0.125,0.168,0.100
user_11308,0.322,0.273,0.157,0.147,0.101
user_11310,0.300,0.184,0.179,0.135,0.203
user_11312,0.360,0.169,0.157,0.123,0.191
user_11317,0.319,0.173,0.181,0.130,0.197
user_11318,0.347,0.162,0.152,0.124,0.216
user_1132,0.242,0.218,0.209,0.157,0.174
user_11325,0.284,0.221,0.148,0.181,0.166
user_11328,0.127,0.153,0.214,0.280,0.227
user_11329,0.316,0.177,0.175,0.132,0.199
user_1133,0.320,0.060,0.188,0.206,0.226
user_11331,0.479,0.143,0.140,0.117,0.121
user_11332,0.297,0.175,0.180,0.133,0.215
user_11337,0.333,0.174,0.177,0.130,0.185
user_1134,0.287,0.163,0.185,0.134,0.231
user_11340,0.296,0.219,0.172,0.145,0.167
user_11341,0.347,0.170,0.178,0.136,0.169
user_11343,0.330,0.178,0.150,0.130,0.213
user_11344,0.148,0.528,0.101,0.130,0.093
user_11345,0.363,0.245,0.131,0.131,0.130
user_11346,0.305,0.177,0.211,0.132,0.175
user_11349,0.381,0.143,0.218,0.060,0.198
user_1135,0.298,0.170,0.187,0.128,0.217
user_11350,0.310,0.168,0.184,0.133,0.204
user_11351,0.312,0.179,0.178,0.131,0.200
user_11352,0.300,0.176,0.164,0.131,0.229
user_11354,0.244,0.193,0.281,0.060,0.223
user_11355,0.320,0.173,0.179,0.131,0.198
user_11356,0.321,0.176,0.177,0.129,0.196
user_11357,0.445,0.153,0.336,0.044,0.022
user_1136,0.192,0.428,0.205,0.076,0.099
user_11360,0.324,0.174,0.184,0.131,0.187
user_11361,0.309,0.248,0.198,0.108,0.137
user_11364,0.260,0.122,0.233,0.303,0.082
user_11367,0.319,0.178,0.161,0.129,0.213
user_1137,0.421,0.138,0.147,0.131,0.163
user_11370,0.390,0.153,0.162,0.141,0.155
user_11371,0.329,0.168,0.179,0.130,0.194
user_11372,0.293,0.189,0.129,0.246,0.143
user_11373,0.417,0.175,0.138,0.124,0.147
user_11374,0.331,0.095,0.252,0.128,0.195
user_11375,0.326,0.206,0.145,0.153,0.170
user_11376,0.375,0.160,0.255,0.121,0.088
user_11377,0.271,0.171,0.289,0.125,0.144
user_11378,0.345,0.183,0.149,0.123,0.200
user_1138,0.540,0.115,0.128,0.109,0.108
user_11380,0.265,0.164,0.207,0.165,0.198
user_11382,0.341,0.338,0.088,0.113,0.120
user_11383,0.251,0.174,0.168,0.184,0.223
user_11384,0.387,0.213,0.206,0.119,0.074
user_11385,0.347,0.177,0.184,0.133,0.159
user_11389,0.355,0.210,0.162,0.134,0.139
user_1139,0.317,0.178,0.188,0.129,0.188
user_11390,0.137,0.236,0.285,0.153,0.189
user_11391,0.331,0.264,0.141,0.107,0.156
user_11392,0.275,0.215,0.170,0.139,0.201
user_11394,0.329,0.163,0.188,0.133,0.186
user_11396,0.314,0.177,0.185,0.131,0.192
user_11397,0.360,0.181,0.148,0.117,0.194
user_11399,0.411,0.150,0.164,0.118,0.157
user_114,0.423,0.168,0.152,0.127,0.130
user_1140,0.331,0.172,0.173,0.129,0.194
user_11402,0.322,0.185,0.176,0.148,0.170
user_11406,0.296,0.237,0.095,0.027,0.344
user_11407,0.354,0.144,0.184,0.139,0.179
user_11408,0.426,0.159,0.218,0.097,0.100
user_11409,0.359,0.172,0.184,0.141,0.143
user_1141,0.354,0.195,0.144,0.147,0.161
user_11410,0.300,0.200,0.222,0.138,0.140
user_11413,0.329,0.175,0.172,0.133,0.192
user_11414,0.268,0.253,0.192,0.118,0.168
user_11417,0.405,0.112,0.316,0.122,0.045
user_11419,0.216,0.206,0.223,0.245,0.109
user_11421,0.300,0.189,0.165,0.130,0.216
user_11422,0.290,0.181,0.233,0.129,0.167
user_11423,0.243,0.193,0.107,0.345,0.112
user_11424,0.171,0.359,0.191,0.168,0.112
user_11425,0.339,0.254,0.145,0.126,0.137
user_11426,0.318,0.175,0.188,0.131,0.189
user_11428,0.287,0.120,0.271,0.158,0.164
user_1143,0.392,0.162,0.150,0.113,0.184
user_11430,0.301,0.278,0.158,0.179,0.084
user_11431,0.318,0.176,0.181,0.130,0.194
user_11432,0.308,0.179,0.190,0.152,0.170
user_11433,0.328,0.176,0.173,0.133,0.191
user_11434,0.411,0.155,0.151,0.113,0.170
user_11437,0.350,0.177,0.155,0.138,0.179
user_11439,0.309,0.172,0.178,0.132,0.209
user_1144,0.545,0.124,0.154,0.047,0.131
user_11440,0.220,0.482,0.110,0.116,0.073
user_11445,0.322,0.176,0.179,0.132,0.191
user_11446,0.307,0.221,0.147,0.172,0.153
user_11447,0.533,0.118,0.111,0.116,0.122
user_11449,0.303,0.191,0.057,0.070,0.379
user_11454,0.321,0.174,0.185,0.129,0.190
user_11456,0.385,0.172,0.180,0.123,0.140
user_11458,0.284,0.185,0.194,0.145,0.192
user_11459,0.297,0.170,0.205,0.125,0.203
user_1146,0.319,0.175,0.179,0.130,0.197
user_11462,0.338,0.171,0.191,0.113,0.187
user_11465,0.332,0.170,0.178,0.130,0.189
user_11467,0.381,0.160,0.146,0.125,0.188
user_11468,0.316,0.130,0.191,0.217,0.146
user_1147,0.334,0.245,0.095,0.211,0.115
user_11471,0.392,0.199,0.125,0.124,0.159
user_11473,0.320,0.175,0.180,0.130,0.195
user_11474,0.292,0.168,0.165,0.109,0.266
user_11475,0.318,0.176,0.175,0.130,0.202
user_11479,0.425,0.089,0.070,0.176,0.240
user_1148,0.378,0.186,0.171,0.124,0.141
user_11481,0.365,0.179,0.193,0.126,0.137
user_11482,0.571,0.187,0.080,0.144,0.018
user_11483,0.241,0.175,0.242,0.133,0.208
user_11486,0.337,0.125,0.459,0.035,0.043
user_11487,0.384,0.179,0.167,0.130,0.139
user_11488,0.441,0.057,0.133,0.147,0.221
user_11489,0.314,0.181,0.187,0.128,0.189
user_1149,0.323,0.175,0.175,0.133,0.193
user_11490,0.319,0.174,0.169,0.138,0.199
user_11495,0.315,0.175,0.178,0.130,0.202
user_11497,0.419,0.304,0.110,0.128,0.040
user_11498,0.534,0.121,0.093,0.167,0.085
user_115,0.302,0.179,0.175,0.132,0.212
user_11500,0.368,0.183,0.171,0.135,0.143
user_11503,0.326,0.174,0.179,0.129,0.193
user_11505,0.309,0.190,0.162,0.132,0.206
user_11507,0.288,0.147,0.304,0.119,0.142
user_1151,0.287,0.171,0.219,0.131,0.192
user_11510,0.366,0.170,0.214,0.136,0.114
user_11514,0.292,0.178,0.176,0.130,0.225
user_11515,0.303,0.212,0.176,0.139,0.170
user_11517,0.297,0.285,0.083,0.084,0.251
user_11519,0.436,0.119,0.105,0.120,0.220
user_1152,0.344,0.163,0.230,0.126,0.138
user_11520,0.322,0.173,0.185,0.131,0.189
user_11522,0.325,0.175,0.184,0.125,0.190
user_11523,0.294,0.193,0.185,0.207,0.121
user_11524,0.317,0.175,0.187,0.132,0.190
user_11525,0.302,0.253,0.181,0.133,0.131
user_11526,0.355,0.172,0.199,0.129,0.146
user_11527,0.310,0.177,0.177,0.132,0.205
user_1153,0.311,0.187,0.218,0.132,0.152
user_11531,0.318,0.168,0.191,0.136,0.187
user_11534,0.320,0.175,0.182,0.130,0.193
user_11535,0.324,0.187,0.180,0.139,0.169
user_11536,0.326,0.169,0.182,0.143,0.180
user_11537,0.405,0.175,0.178,0.144,0.099
user_11539,0.356,0.216,0.080,0.173,0.174
user_11543,0.335,0.199,0.120,0.041,0.306
user_11547,0.295,0.186,0.219,0.153,0.146
user_11549,0.318,0.175,0.180,0.131,0.197
user_1155,0.323,0.173,0.179,0.129,0.195
user_11553,0.290,0.273,0.178,0.126,0.133
user_11554,0.325,0.167,0.174,0.128,0.206
user_11555,0.488,0.067,0.104,0.309,0.032
user_11556,0.318,0.174,0.180,0.130,0.197
user_11558,0.413,0.119,0.115,0.220,0.134
user_1156,0.276,0.174,0.161,0.233,0.155
user_11566,0.213,0.369,0.137,0.166,0.115
user_1157,0.391,0.179,0.149,0.145,0.136
user_11574,0.208,0.148,0.283,0.189,0.172
user_11575,0.319,0.175,0.179,0.130,0.197
user_11577,0.388,0.123,0.109,0.218,0.162
user_11578,0.177,0.168,0.397,0.131,0.128
user_11579,0.347,0.175,0.193,0.135,0.150
user_1158,0.305,0.189,0.180,0.125,0.201
user_11580,0.300,0.222,0.189,0.142,0.148
user_11581,0.352,0.222,0.127,0.163,0.136
user_11583,0.378,0.156,0.147,0.164,0.154
user_11584,0.338,0.199,0.124,0.128,0.210
user_11586,0.288,0.177,0.247,0.124,0.164
user_11588,0.490,0.266,0.087,0.059,0.099
user_11589,0.326,0.173,0.153,0.137,0.211
user_1159,0.228,0.080,0.244,0.292,0.155
user_11590,0.299,0.183,0.194,0.153,0.173
user_11593,0.355,0.174,0.179,0.129,0.163
user_11596,0.232,0.211,0.452,0.069,0.036
user_11598,0.404,0.086,0.360,0.072,0.078
user_116,0.301,0.145,0.179,0.128,0.248
user_11600,0.238,0.321,0.160,0.118,0.163
user_11601,0.330,0.211,0.190,0.136,0.134
user_11603,0.337,0.170,0.202,0.125,0.166
user_11606,0.304,0.184,0.176,0.126,0.210
user_11607,0.349,0.176,0.179,0.125,0.171
user_11608,0.291,0.176,0.181,0.068,0.283
user_11610,0.311,0.189,0.179,0.145,0.176
user_11611,0.324,0.224,0.167,0.159,0.125
user_11613,0.317,0.169,0.182,0.126,0.205
user_11615,0.370,0.184,0.184,0.131,0.130
user_11616,0.490,0.031,0.113,0.201,0.165
user_11618,0.379,0.245,0.076,0.133,0.167
user_11619,0.311,0.173,0.176,0.129,0.211
user_1162,0.319,0.174,0.179,0.135,0.193
user_11625,0.316,0.171,0.185,0.134,0.194
user_1163,0.152,0.179,0.107,0.086,0.476
user_11630,0.313,0.192,0.170,0.132,0.192
user_11631,0.378,0.190,0.146,0.146,0.141
user_11632,0.164,0.330,0.094,0.211,0.201
user_11633,0.517,0.119,0.181,0.084,0.099
user_11636,0.152,0.141,0.237,0.289,0.181
user_1164,0.306,0.226,0.108,0.166,0.193
user_11640,0.247,0.174,0.339,0.145,0.094
user_11641,0.478,0.163,0.109,0.127,0.123
user_11642,0.149,0.125,0.192,0.361,0.173
user_11644,0.358,0.165,0.217,0.125,0.134
user_11645,0.348,0.169,0.182,0.132,0.169
user_11646,0.482,0.031,0.288,0.170,0.029
user_11647,0.371,0.182,0.184,0.117,0.145
user_11648,0.300,0.172,0.155,0.138,0.234
user_1165,0.224,0.241,0.151,0.153,0.231
user_11651,0.256,0.255,0.197,0.171,0.120
user_11653,0.324,0.175,0.182,0.131,0.188
user_11654,0.328,0.173,0.186,0.135,0.177
user_11655,0.224,0.191,0.295,0.139,0.151
user_1166,0.407,0.178,0.122,0.116,0.177
user_11660,0.353,0.279,0.129,0.154,0.084
user_11661,0.570,0.106,0.123,0.103,0.099
user_11667,0.324,0.179,0.217,0.124,0.155
user_11669,0.378,0.168,0.189,0.142,0.122
user_1167,0.337,0.182,0.169,0.135,0.176
user_11670,0.481,0.252,0.052,0.078,0.136
user_11672,0.511,0.252,0.098,0.098,0.041
user_11674,0.428,0.190,0.134,0.116,0.132
user_11678,0.413,0.158,0.194,0.123,0.112
user_11679,0.316,0.309,0.109,0.147,0.119
user_11682,0.085,0.291,0.457,0.089,0.078
user_11683,0.323,0.171,0.170,0.126,0.210
user_11685,0.298,0.166,0.150,0.163,0.223
user_11689,0.318,0.171,0.185,0.131,0.195
user_1169,0.328,0.176,0.186,0.136,0.173
user_11691,0.256,0.148,0.392,0.105,0.099
user_11693,0.318,0.173,0.181,0.131,0.197
user_11695,0.138,0.172,0.235,0.171,0.284
user_11697,0.272,0.152,0.126,0.063,0.387
user_11698,0.319,0.171,0.188,0.132,0.190
user_11699,0.307,0.185,0.181,0.137,0.190
user_1170,0.365,0.161,0.154,0.133,0.188
user_11700,0.288,0.155,0.271,0.128,0.158
user_11701,0.292,0.218,0.222,0.057,0.211
user_11702,0.342,0.184,0.178,0.128,0.168
user_11704,0.260,0.178,0.178,0.126,0.258
user_11708,0.319,0.176,0.177,0.131,0.197
user_11709,0.322,0.207,0.180,0.134,0.158
user_1171,0.305,0.185,0.156,0.142,0.212
user_11710,0.336,0.174,0.173,0.132,0.185
user_11711,0.203,0.225,0.326,0.138,0.108
user_11712,0.218,0.417,0.069,0.225,0.070
user_11713,0.183,0.281,0.113,0.200,0.223
user_11714,0.318,0.171,0.179,0.130,0.202
user_11715,0.374,0.173,0.164,0.125,0.163
user_11716,0.249,0.220,0.161,0.152,0.218
user_11718,0.244,0.180,0.079,0.090,0.407
user_1172,0.271,0.238,0.221,0.156,0.114
user_11721,0.298,0.177,0.137,0.110,0.279
user_11722,0.446,0.163,0.153,0.112,0.126
user_11723,0.488,0.140,0.243,0.032,0.097
user_11726,0.341,0.168,0.188,0.126,0.177
user_11727,0.441,0.193,0.121,0.136,0.109
user_11732,0.311,0.193,0.154,0.126,0.216
user_11735,0.144,0.471,0.084,0.242,0.059
user_11739,0.191,0.242,0.345,0.057,0.166
user_1174,0.317,0.284,0.150,0.088,0.161
user_11747,0.270,0.335,0.128,0.168,0.098
user_11748,0.279,0.222,0.250,0.121,0.127
user_11749,0.318,0.175,0.180,0.130,0.197
user_1175,0.318,0.173,0.182,0.130,0.196
user_11753,0.408,0.172,0.140,0.145,0.135
user_11754,0.265,0.176,0.198,0.136,0.225
user_11755,0.308,0.175,0.179,0.130,0.207
user_11756,0.363,0.150,0.194,0.121,0.172
user_11757,0.360,0.017,0.397,0.063,0.164
user_11758,0.301,0.176,0.182,0.128,0.213
user_11761,0.316,0.174,0.179,0.131,0.200
user_11762,0.297,0.135,0.100,0.392,0.077
user_11763,0.301,0.244,0.147,0.143,0.166
user_11773,0.404,0.280,0.157,0.059,0.100
user_11774,0.320,0.176,0.183,0.133,0.187
user_11775,0.299,0.166,0.117,0.162,0.256
user_11777,0.078,0.670,0.062,0.081,0.109
user_11779,0.444,0.176,0.136,0.116,0.127
user_1178,0.215,0.162,0.476,0.078,0.069
user_11780,0.406,0.197,0.188,0.105,0.104
user_11783,0.261,0.103,0.331,0.164,0.141
user_11785,0.332,0.172,0.170,0.123,0.203
user_11791,0.440,0.128,0.196,0.120,0.115
user_11792,0.164,0.387,0.120,0.155,0.174
user_11794,0.223,0.245,0.213,0.151,0.169
user_11797,0.313,0.177,0.170,0.128,0.212
user_118,0.265,0.164,0.337,0.125,0.109
user_11800,0.314,0.177,0.203,0.139,0.167
user_11801,0.349,0.193,0.144,0.132,0.182
user_11803,0.465,0.098,0.150,0.172,0.115
user_11804,0.288,0.178,0.189,0.132,0.214
user_11807,0.274,0.186,0.297,0.083,0.160
user_11809,0.233,0.258,0.179,0.114,0.217
user_1181,0.254,0.182,0.274,0.176,0.114
user_11810,0.142,0.350,0.147,0.044,0.317
user_11811,0.327,0.175,0.181,0.129,0.187
user_11812,0.454,0.146,0.104,0.111,0.185
user_11813,0.216,0.340,0.048,0.193,0.203
user_11814,0.323,0.178,0.177,0.132,0.190
user_11815,0.357,0.188,0.190,0.152,0.112
user_11816,0.520,0.139,0.127,0.123,0.091
user_11817,0.349,0.232,0.151,0.118,0.149
user_11818,0.279,0.197,0.188,0.133,0.202
user_11819,0.381,0.072,0.283,0.197,0.067
user_1182,0.316,0.172,0.187,0.130,0.196
user_11820,0.268,0.192,0.178,0.130,0.232
user_11821,0.394,0.098,0.087,0.260,0.161
user_11823,0.561,0.137,0.152,0.087,0.064
user_11825,0.390,0.192,0.195,0.139,0.084
user_11827,0.430,0.146,0.201,0.116,0.106
user_11828,0.354,0.168,0.192,0.136,0.149
user_11829,0.110,0.194,0.197,0.262,0.238
user_1183,0.415,0.177,0.129,0.099,0.180
user_11830,0.398,0.188,0.160,0.137,0.117
user_11833,0.294,0.265,0.116,0.153,0.171
user_11834,0.474,0.160,0.153,0.115,0.098
user_11835,0.314,0.297,0.161,0.093,0.136
user_11837,0.312,0.173,0.181,0.132,0.202
user_11841,0.559,0.141,0.141,0.072,0.087
user_11844,0.330,0.177,0.143,0.125,0.224
user_11845,0.330,0.172,0.191,0.126,0.180
user_11847,0.321,0.173,0.177,0.131,0.199
user_1185,0.129,0.137,0.441,0.134,0.159
user_11852,0.346,0.171,0.184,0.122,0.178
user_11853,0.322,0.162,0.203,0.132,0.181
user_11854,0.368,0.161,0.204,0.127,0.139
user_11856,0.341,0.099,0.124,0.278,0.157
user_11859,0.325,0.177,0.179,0.143,0.177
user_11860,0.336,0.174,0.153,0.125,0.212
user_11861,0.268,0.171,0.152,0.239,0.170
user_11862,0.311,0.173,0.181,0.129,0.205
user_11865,0.281,0.192,0.187,0.139,0.200
user_11867,0.457,0.178,0.135,0.149,0.080
user_11868,0.179,0.293,0.172,0.273,0.083
user_11870,0.459,0.115,0.244,0.125,0.057
user_11871,0.319,0.167,0.153,0.120,0.242
user_11873,0.312,0.176,0.179,0.131,0.203
user_11874,0.282,0.100,0.511,0.070,0.038
user_11876,0.345,0.041,0.136,0.102,0.376
user_11878,0.258,0.210,0.083,0.229,0.220
user_11886,0.282,0.183,0.159,0.187,0.189
user_11887,0.331,0.177,0.183,0.130,0.180
user_11888,0.233,0.255,0.239,0.100,0.172
user_11890,0.327,0.182,0.186,0.131,0.174
user_11891,0.323,0.169,0.172,0.130,0.206
user_11892,0.331,0.174,0.166,0.133,0.196
user_11894,0.317,0.175,0.180,0.130,0.197
user_11895,0.303,0.259,0.196,0.066,0.176
user_11896,0.336,0.066,0.249,0.290,0.059
user_1190,0.306,0.182,0.176,0.130,0.205
user_11900,0.328,0.165,0.064,0.350,0.093
user_11904,0.409,0.149,0.048,0.092,0.303
user_11907,0.455,0.116,0.159,0.134,0.136
user_11909,0.325,0.140,0.110,0.123,0.301
user_1191,0.304,0.141,0.126,0.157,0.273
user_11912,0.314,0.176,0.206,0.137,0.167
user_11913,0.178,0.062,0.256,0.259,0.247
user_11914,0.492,0.232,0.123,0.091,0.063
user_11915,0.375,0.174,0.123,0.126,0.203
user_11918,0.343,0.224,0.141,0.158,0.134
user_1192,0.330,0.174,0.199,0.131,0.167
user_11920,0.320,0.181,0.181,0.133,0.185
user_11925,0.293,0.185,0.199,0.139,0.183
user_11927,0.294,0.161,0.125,0.283,0.138
user_11928,0.471,0.154,0.133,0.126,0.116
user_1193,0.489,0.187,0.120,0.119,0.085
user_11931,0.311,0.194,0.275,0.137,0.083
user_11934,0.341,0.194,0.178,0.126,0.161
user_11935,0.304,0.174,0.207,0.142,0.173
user_11936,0.390,0.166,0.136,0.141,0.167
user_11938,0.410,0.170,0.146,0.165,0.110
user_11939,0.255,0.194,0.215,0.128,0.208
user_1194,0.461,0.068,0.167,0.045,0.258
user_11943,0.188,0.674,0.031,0.024,0.083
user_11944,0.320,0.173,0.179,0.131,0.197
user_11946,0.284,0.188,0.159,0.156,0.213
user_11947,0.244,0.292,0.278,0.126,0.060
user_11948,0.507,0.052,0.213,0.167,0.062
user_1195,0.403,0.174,0.155,0.101,0.167
user_11954,0.317,0.197,0.127,0.231,0.129
user_11957,0.190,0.235,0.361,0.087,0.127
user_11958,0.454,0.145,0.143,0.116,0.143
user_11959,0.385,0.097,0.217,0.127,0.174
user_1196,0.233,0.211,0.296,0.195,0.065
user_11963,0.343,0.186,0.127,0.143,0.201
user_11964,0.317,0.218,0.181,0.163,0.121
user_11965,0.299,0.167,0.153,0.132,0.249
user_11966,0.422,0.194,0.074,0.021,0.289
user_11967,0.338,0.168,0.188,0.124,0.182
user_11969,0.209,0.050,0.393,0.152,0.196
user_1197,0.318,0.177,0.189,0.129,0.187
user_11970,0.242,0.256,0.396,0.036,0.070
user_11971,0.298,0.162,0.182,0.145,0.214
user_11972,0.321,0.175,0.177,0.130,0.197
user_11974,0.351,0.162,0.217,0.144,0.127
user_11976,0.317,0.183,0.186,0.137,0.178
user_1198,0.214,0.120,0.354,0.124,0.189
user_11980,0.294,0.169,0.212,0.131,0.194
user_11982,0.221,0.245,0.160,0.072,0.302
user_11984,0.300,0.183,0.272,0.137,0.109
user_11985,0.320,0.175,0.176,0.130,0.199
user_11987,0.517,0.174,0.117,0.111,0.081
user_11989,0.280,0.194,0.188,0.130,0.207
user_11990,0.324,0.171,0.202,0.125,0.178
user_11993,0.321,0.175,0.185,0.127,0.192
user_11996,0.314,0.161,0.169,0.133,0.224
user_11997,0.332,0.179,0.174,0.125,0.190
user_11998,0.333,0.177,0.188,0.139,0.163
user_120,0.503,0.158,0.105,0.110,0.124
user_12001,0.343,0.161,0.166,0.135,0.195
user_12002,0.238,0.125,0.131,0.015,0.491
user_12005,0.384,0.096,0.099,0.274,0.148
user_12006,0.382,0.190,0.177,0.117,0.134
user_12008,0.301,0.196,0.156,0.129,0.218
user_12009,0.357,0.160,0.204,0.126,0.153
user_1201,0.312,0.172,0.194,0.128,0.195
user_12010,0.319,0.176,0.176,0.132,0.198
user_12012,0.325,0.164,0.170,0.140,0.200
user_12015,0.296,0.148,0.274,0.132,0.149
user_12016,0.355,0.222,0.157,0.205,0.060
user_12019,0.356,0.047,0.188,0.086,0.323
user_12024,0.322,0.129,0.188,0.271,0.090
user_12025,0.485,0.135,0.131,0.107,0.142
user_12027,0.216,0.075,0.467,0.118,0.124
user_12031,0.343,0.167,0.188,0.135,0.167
user_12032,0.259,0.163,0.112,0.025,0.440
user_12034,0.304,0.180,0.183,0.138,0.196
user_12035,0.427,0.162,0.164,0.121,0.126
user_12036,0.376,0.177,0.163,0.118,0.167
user_12037,0.365,0.161,0.176,0.104,0.194
user_12038,0.279,0.209,0.200,0.184,0.128
user_12039,0.288,0.200,0.197,0.136,0.180
user_12040,0.368,0.190,0.136,0.134,0.171
user_12042,0.364,0.146,0.242,0.121,0.126
user_12043,0.316,0.194,0.165,0.108,0.216
user_12044,0.314,0.185,0.185,0.136,0.179
user_12045,0.292,0.205,0.190,0.151,0.162
user_12048,0.322,0.178,0.180,0.125,0.195
user_1205,0.348,0.170,0.179,0.164,0.139
user_12052,0.151,0.208,0.169,0.383,0.089
user_12053,0.341,0.155,0.205,0.135,0.163
user_12056,0.349,0.168,0.199,0.132,0.151
user_12060,0.290,0.158,0.242,0.112,0.198
user_12063,0.439,0.167,0.124,0.109,0.160
user_12067,0.286,0.210,0.183,0.132,0.191
user_12068,0.530,0.106,0.166,0.096,0.103
user_12069,0.523,0.175,0.037,0.096,0.169
user_1207,0.319,0.178,0.172,0.138,0.192
user_12070,0.317,0.172,0.179,0.130,0.203
user_12071,0.312,0.172,0.186,0.130,0.200
user_12073,0.357,0.158,0.169,0.140,0.175
