user_10416,0.327,0.221,0.162,0.108,0.181
user_10418,0.303,0.161,0.196,0.116,0.224
user_10423,0.314,0.191,0.195,0.104,0.196
user_10424,0.305,0.187,0.190,0.114,0.204
user_10425,0.305,0.188,0.192,0.113,0.202
user_10426,0.315,0.182,0.194,0.111,0.198
user_10429,0.336,0.192,0.183,0.101,0.187
user_1043,0.365,0.169,0.176,0.099,0.191
user_10431,0.260,0.184,0.175,0.114,0.267
user_10433,0.378,0.128,0.196,0.135,0.162
user_10434,0.314,0.189,0.189,0.095,0.213
user_10437,0.276,0.195,0.210,0.146,0.174
user_10438,0.303,0.183,0.196,0.114,0.203
user_10439,0.303,0.187,0.183,0.121,0.206
user_1044,0.331,0.175,0.191,0.117,0.185
user_10440,1.000,0.000,0.000,0.000,0.000
user_10441,0.305,0.187,0.191,0.112,0.205
user_10442,0.302,0.187,0.193,0.113,0.204
user_10443,0.301,0.097,0.339,0.085,0.178
user_10444,0.609,0.111,0.102,0.064,0.114
user_10445,0.308,0.203,0.199,0.103,0.186
user_10446,0.293,0.190,0.224,0.085,0.209
user_10447,0.285,0.185,0.235,0.106,0.189
user_10449,0.255,0.146,0.341,0.119,0.139
user_10452,0.308,0.192,0.185,0.113,0.202
user_10454,0.259,0.168,0.381,0.097,0.095
user_10455,0.301,0.189,0.204,0.111,0.194
user_10456,0.266,0.093,0.461,0.065,0.116
user_10457,0.267,0.201,0.195,0.103,0.233
user_10458,0.249,0.185,0.217,0.121,0.229
user_10459,0.232,0.196,0.149,0.114,0.309
user_1046,0.306,0.187,0.191,0.113,0.203
user_10464,0.310,0.136,0.210,0.124,0.220
user_10465,0.386,0.132,0.138,0.194,0.150
user_1047,0.259,0.160,0.212,0.148,0.221
user_10471,0.402,0.149,0.235,0.098,0.116
user_10473,0.241,0.209,0.276,0.100,0.174
user_10474,0.306,0.187,0.189,0.113,0.205
user_10477,0.223,0.150,0.198,0.102,0.326
user_10478,0.548,0.072,0.155,0.055,0.170
user_10479,0.266,0.192,0.192,0.121,0.228
user_1048,0.252,0.188,0.105,0.099,0.357
user_10480,0.337,0.173,0.196,0.069,0.225
user_10483,0.308,0.197,0.192,0.113,0.190
user_10485,0.430,0.162,0.161,0.095,0.152
user_10488,0.183,0.106,0.159,0.120,0.432
user_10489,0.305,0.186,0.191,0.114,0.204
user_1049,0.290,0.189,0.199,0.117,0.206
user_10490,0.286,0.410,0.111,0.077,0.116
user_10491,0.307,0.189,0.183,0.113,0.208
user_10493,0.295,0.190,0.193,0.118,0.204
user_10494,0.376,0.179,0.183,0.115,0.147
user_10496,0.117,0.138,0.070,0.046,0.629
user_10497,0.303,0.188,0.192,0.115,0.202
user_10498,0.357,0.179,0.176,0.116,0.173
user_105,0.173,0.111,0.277,0.243,0.196
user_10501,0.298,0.111,0.261,0.145,0.185
user_10503,0.357,0.213,0.189,0.084,0.157
user_10504,0.232,0.416,0.177,0.051,0.124
user_10505,0.264,0.237,0.176,0.059,0.265
user_10508,0.308,0.186,0.190,0.113,0.203
user_10509,0.310,0.174,0.185,0.114,0.217
user_1051,0.313,0.174,0.191,0.113,0.209
user_10510,0.381,0.180,0.144,0.103,0.192
user_10511,0.274,0.174,0.202,0.144,0.205
user_10516,0.305,0.187,0.192,0.113,0.203
user_10518,0.292,0.199,0.190,0.114,0.204
user_10519,0.316,0.156,0.227,0.104,0.198
user_10520,0.448,0.157,0.156,0.101,0.137
user_10523,0.010,0.005,0.007,0.020,0.959
user_10524,0.274,0.212,0.189,0.125,0.199
user_10525,0.261,0.198,0.212,0.116,0.213
user_10528,0.278,0.189,0.209,0.114,0.210
user_10529,0.304,0.186,0.191,0.115,0.205
user_1053,0.303,0.187,0.193,0.116,0.201
user_10530,0.230,0.172,0.102,0.330,0.166
user_10532,0.218,0.425,0.143,0.070,0.144
user_10533,0.999,0.000,0.000,0.000,0.000
user_10534,0.310,0.191,0.185,0.106,0.207
user_10539,0.271,0.189,0.200,0.127,0.213
user_1054,0.309,0.188,0.189,0.113,0.201
user_10540,1.000,0.000,0.000,0.000,0.000
user_10542,0.350,0.164,0.190,0.111,0.185
user_10545,0.307,0.190,0.194,0.116,0.192
user_10549,0.353,0.194,0.157,0.102,0.193
user_1055,0.295,0.212,0.188,0.108,0.197
user_10550,0.282,0.135,0.129,0.078,0.376
user_10551,0.301,0.191,0.209,0.113,0.186
user_10552,0.299,0.184,0.195,0.117,0.205
user_10553,0.359,0.188,0.181,0.112,0.160
user_10554,0.234,0.131,0.244,0.290,0.101
user_10558,0.276,0.222,0.236,0.100,0.167
user_10559,0.144,0.065,0.671,0.034,0.086
user_10560,0.296,0.190,0.189,0.114,0.211
user_10563,0.303,0.188,0.191,0.117,0.201
user_10564,0.361,0.228,0.155,0.109,0.148
user_10565,0.300,0.169,0.188,0.109,0.234
user_10566,0.307,0.185,0.191,0.115,0.202
user_1057,0.337,0.212,0.171,0.106,0.174
user_10570,0.288,0.183,0.197,0.112,0.219
user_10571,0.304,0.185,0.189,0.108,0.214
user_10573,0.281,0.180,0.183,0.122,0.235
user_10575,0.417,0.192,0.154,0.078,0.159
user_10576,0.311,0.194,0.192,0.108,0.194
user_10577,0.317,0.192,0.168,0.123,0.200
user_10578,0.300,0.172,0.190,0.109,0.230
user_1058,0.303,0.185,0.193,0.114,0.205
user_10580,0.283,0.178,0.198,0.099,0.243
user_10584,0.315,0.173,0.186,0.120,0.205
user_10586,0.422,0.180,0.167,0.131,0.101
user_10588,0.358,0.196,0.164,0.103,0.179
user_10589,0.320,0.178,0.161,0.121,0.219
user_10590,0.385,0.173,0.148,0.139,0.155
user_10591,0.271,0.169,0.244,0.117,0.199
user_10593,0.295,0.133,0.224,0.124,0.224
user_10594,0.367,0.184,0.172,0.103,0.175
user_10595,0.304,0.194,0.196,0.113,0.193
user_10596,0.252,0.209,0.191,0.115,0.233
user_10597,0.281,0.179,0.189,0.098,0.253
user_10598,0.295,0.256,0.147,0.103,0.198
user_10599,0.350,0.202,0.168,0.105,0.175
user_106,0.257,0.208,0.197,0.111,0.227
user_10601,0.135,0.219,0.090,0.385,0.172
user_10604,0.296,0.195,0.189,0.112,0.208
user_10606,0.304,0.188,0.191,0.113,0.204
user_10608,0.386,0.172,0.169,0.102,0.171
user_1061,0.309,0.189,0.253,0.100,0.148
user_10611,0.112,0.155,0.083,0.053,0.597
user_10612,0.308,0.185,0.191,0.113,0.203
user_10614,0.308,0.186,0.188,0.112,0.206
user_10616,0.309,0.188,0.183,0.114,0.206
user_10617,0.268,0.158,0.198,0.139,0.237
user_10618,0.267,0.095,0.502,0.074,0.062
user_10619,0.298,0.207,0.175,0.111,0.208
user_10622,0.300,0.213,0.191,0.100,0.196
user_10623,0.375,0.137,0.177,0.136,0.175
user_10625,0.324,0.103,0.215,0.204,0.154
user_10628,0.334,0.149,0.181,0.143,0.194
user_1063,0.300,0.187,0.191,0.113,0.209
user_10630,0.254,0.172,0.259,0.129,0.186
user_10631,0.093,0.107,0.079,0.562,0.159
user_10632,0.372,0.186,0.169,0.095,0.177
user_10633,0.305,0.186,0.191,0.114,0.204
user_10634,0.322,0.184,0.176,0.102,0.216
user_10635,0.324,0.245,0.189,0.096,0.147
user_10638,0.289,0.188,0.193,0.118,0.211
user_1064,0.291,0.221,0.187,0.116,0.185
user_10641,0.306,0.184,0.192,0.113,0.203
user_10642,0.270,0.129,0.282,0.102,0.217
user_10643,0.277,0.210,0.164,0.139,0.210
user_10645,0.276,0.207,0.176,0.135,0.205
user_10646,0.296,0.191,0.196,0.117,0.200
user_10647,0.426,0.207,0.123,0.102,0.142
user_10648,0.307,0.185,0.192,0.114,0.202
user_1065,0.308,0.192,0.191,0.108,0.202
user_10651,0.323,0.171,0.200,0.112,0.193
user_10652,0.298,0.218,0.178,0.117,0.189
user_10654,0.281,0.177,0.202,0.090,0.250
user_10655,0.144,0.076,0.632,0.050,0.099
user_10656,0.286,0.221,0.193,0.124,0.175
user_10659,0.303,0.187,0.195,0.117,0.198
user_1066,0.121,0.047,0.094,0.024,0.714
user_10661,0.307,0.187,0.190,0.114,0.203
user_10663,0.327,0.202,0.187,0.123,0.161
user_10664,0.292,0.182,0.191,0.120,0.215
user_10665,0.287,0.194,0.207,0.099,0.212
user_10668,0.315,0.175,0.184,0.131,0.196
user_1067,0.187,0.077,0.547,0.079,0.110
user_10670,0.357,0.149,0.149,0.085,0.260
user_10672,0.081,0.038,0.099,0.751,0.032
user_10673,0.320,0.163,0.228,0.116,0.173
user_10678,0.344,0.147,0.238,0.105,0.166
user_10683,0.308,0.195,0.184,0.118,0.195
user_10685,0.294,0.181,0.183,0.121,0.222
user_10686,0.229,0.183,0.126,0.247,0.216
user_10687,0.305,0.188,0.190,0.113,0.202
user_10688,0.421,0.176,0.142,0.082,0.179
user_10689,0.323,0.181,0.191,0.117,0.188
user_1069,0.311,0.182,0.189,0.113,0.205
user_10690,0.402,0.145,0.187,0.099,0.167
user_10691,0.287,0.168,0.231,0.124,0.190
user_10692,0.307,0.184,0.199,0.110,0.200
user_10693,0.312,0.183,0.194,0.106,0.204
user_10694,0.354,0.188,0.181,0.125,0.151
user_10695,0.313,0.194,0.182,0.109,0.202
user_10697,0.324,0.141,0.185,0.126,0.223
user_10698,0.269,0.209,0.204,0.118,0.200
user_107,0.311,0.187,0.191,0.114,0.197
user_10700,0.309,0.192,0.185,0.117,0.198
user_10703,0.322,0.185,0.173,0.113,0.207
user_10704,0.315,0.201,0.236,0.117,0.131
user_10709,0.222,0.204,0.205,0.173,0.196
user_10710,0.311,0.250,0.152,0.117,0.170
user_10711,0.269,0.157,0.197,0.096,0.282
user_10712,0.280,0.209,0.189,0.113,0.209
user_10716,0.256,0.164,0.324,0.089,0.168
user_10720,0.298,0.186,0.193,0.117,0.206
user_10722,0.303,0.187,0.192,0.114,0.205
user_10726,0.301,0.188,0.196,0.112,0.203
user_10727,0.316,0.188,0.206,0.107,0.183
user_1073,0.292,0.180,0.162,0.148,0.217
user_10730,0.305,0.186,0.191,0.114,0.203
user_10731,0.219,0.179,0.229,0.118,0.255
user_10732,0.303,0.182,0.193,0.119,0.204
user_10736,0.170,0.080,0.065,0.062,0.623
user_10741,0.259,0.197,0.197,0.126,0.221
user_10743,0.309,0.187,0.186,0.114,0.205
user_10744,0.305,0.187,0.191,0.114,0.203
user_10746,0.447,0.141,0.152,0.078,0.181
user_10747,0.313,0.185,0.189,0.109,0.203
user_10748,0.287,0.132,0.293,0.109,0.179
user_10749,0.311,0.180,0.197,0.111,0.200
user_10750,0.159,0.160,0.073,0.543,0.066
user_10754,0.291,0.204,0.192,0.114,0.199
user_10755,0.330,0.175,0.191,0.108,0.195
user_10758,0.324,0.187,0.204,0.116,0.169
user_1076,0.328,0.183,0.185,0.122,0.182
user_10762,0.301,0.171,0.173,0.119,0.236
user_10768,0.308,0.191,0.188,0.120,0.193
user_1077,0.306,0.186,0.192,0.114,0.203
user_10772,0.327,0.155,0.191,0.115,0.211
user_10774,0.303,0.191,0.191,0.113,0.203
user_1078,0.302,0.184,0.189,0.129,0.196
user_10781,0.309,0.185,0.188,0.112,0.205
user_10782,0.343,0.183,0.173,0.113,0.189
user_10786,0.321,0.191,0.188,0.126,0.174
user_10789,0.308,0.187,0.192,0.114,0.200
user_10790,0.155,0.076,0.648,0.043,0.078
user_10791,0.279,0.180,0.180,0.140,0.221
user_10792,0.374,0.169,0.151,0.104,0.202
user_10793,0.214,0.204,0.230,0.116,0.237
user_10794,0.309,0.199,0.191,0.111,0.189
user_10797,0.186,0.207,0.211,0.281,0.115
user_10798,0.237,0.200,0.186,0.089,0.288
user_10799,0.286,0.174,0.174,0.120,0.246
user_108,0.306,0.187,0.191,0.113,0.203
user_1080,0.290,0.168,0.232,0.121,0.190
user_10800,0.532,0.107,0.094,0.122,0.145
user_10802,0.331,0.183,0.181,0.111,0.193
user_10803,0.295,0.216,0.177,0.114,0.198
user_10804,0.301,0.187,0.195,0.114,0.204
user_10807,0.308,0.186,0.190,0.113,0.203
user_10808,0.246,0.219,0.181,0.141,0.214
user_10809,0.307,0.185,0.192,0.113,0.203
user_10811,0.296,0.182,0.184,0.132,0.205
user_10812,0.288,0.189,0.197,0.125,0.200
user_10815,0.305,0.192,0.187,0.120,0.197
user_10816,0.316,0.181,0.179,0.111,0.212
user_10817,0.249,0.216,0.251,0.132,0.152
user_10818,0.312,0.194,0.183,0.113,0.198
user_10819,0.276,0.200,0.212,0.113,0.199
user_1082,0.297,0.188,0.188,0.113,0.214
user_10820,0.315,0.183,0.187,0.114,0.201
user_10821,0.452,0.143,0.143,0.086,0.176
user_10822,0.515,0.132,0.146,0.081,0.127
user_10823,0.290,0.194,0.196,0.110,0.210
user_10824,0.194,0.112,0.131,0.089,0.474
user_10825,0.246,0.187,0.244,0.127,0.195
user_1083,0.133,0.364,0.224,0.057,0.222
user_10830,0.012,0.015,0.006,0.004,0.963
user_10831,0.302,0.187,0.189,0.115,0.207
user_10832,0.324,0.132,0.217,0.105,0.222
user_10835,0.306,0.187,0.194,0.119,0.194
user_10837,0.307,0.162,0.197,0.119,0.215
user_10839,0.318,0.192,0.170,0.105,0.215
user_10840,0.302,0.186,0.192,0.115,0.204
user_10842,0.295,0.187,0.185,0.125,0.209
user_10845,0.298,0.183,0.192,0.117,0.210
user_10847,0.327,0.191,0.174,0.112,0.195
user_10851,0.304,0.219,0.172,0.126,0.178
user_10852,0.305,0.187,0.191,0.114,0.203
user_10854,0.311,0.184,0.184,0.116,0.206
user_10856,0.357,0.164,0.206,0.108,0.165
user_10857,0.305,0.187,0.213,0.095,0.200
user_10858,0.246,0.148,0.139,0.084,0.383
user_10859,0.311,0.159,0.245,0.106,0.179
user_10861,0.290,0.186,0.188,0.110,0.225
user_10862,0.400,0.151,0.168,0.119,0.162
user_10864,0.253,0.224,0.280,0.074,0.169
user_10865,0.216,0.145,0.371,0.093,0.175
user_10866,0.306,0.171,0.184,0.116,0.223
user_10867,0.320,0.132,0.262,0.099,0.186
user_10868,0.307,0.163,0.164,0.123,0.244
user_10870,0.316,0.186,0.184,0.100,0.215
user_10871,0.170,0.088,0.082,0.537,0.124
user_10872,0.264,0.196,0.196,0.145,0.200
user_10873,0.242,0.273,0.209,0.090,0.185
user_10875,0.593,0.101,0.136,0.060,0.109
user_10876,0.272,0.191,0.216,0.103,0.219
user_10878,0.315,0.197,0.185,0.114,0.189
user_10879,0.242,0.138,0.406,0.082,0.131
user_10880,0.310,0.520,0.078,0.037,0.055
user_10881,0.223,0.234,0.181,0.133,0.230
user_10882,0.300,0.193,0.191,0.115,0.201
user_10883,0.314,0.178,0.197,0.118,0.194
user_10884,0.366,0.128,0.207,0.109,0.191
user_10889,0.298,0.187,0.188,0.118,0.209
user_1089,0.292,0.189,0.202,0.112,0.205
user_10894,0.306,0.168,0.211,0.111,0.203
user_10895,0.274,0.202,0.202,0.126,0.196
user_10896,0.283,0.181,0.177,0.112,0.247
user_10897,0.273,0.140,0.148,0.096,0.344
user_10899,0.348,0.163,0.184,0.111,0.194
user_10901,0.000,1.000,0.000,0.000,0.000
user_10903,0.306,0.148,0.162,0.164,0.221
user_10904,0.999,0.000,0.000,0.000,0.001
user_10906,0.320,0.172,0.177,0.113,0.217
user_10907,0.412,0.105,0.244,0.141,0.098
user_10908,0.311,0.183,0.189,0.115,0.202
user_10909,0.294,0.179,0.211,0.097,0.219
user_10910,0.264,0.357,0.125,0.135,0.119
user_10914,0.307,0.187,0.190,0.113,0.202
user_10915,0.296,0.192,0.191,0.110,0.212
user_10917,0.556,0.118,0.145,0.073,0.109
user_10920,0.192,0.090,0.083,0.053,0.582
user_10921,0.428,0.128,0.179,0.072,0.193
user_10922,0.333,0.184,0.175,0.109,0.199
user_10923,0.333,0.161,0.215,0.098,0.193
user_10926,0.274,0.185,0.236,0.139,0.167
user_10927,0.324,0.179,0.193,0.110,0.194
user_10928,0.345,0.219,0.170,0.118,0.148
user_10929,0.298,0.200,0.190,0.110,0.202
user_1093,0.283,0.181,0.220,0.132,0.183
user_10930,0.178,0.157,0.176,0.337,0.151
user_10938,0.323,0.183,0.212,0.098,0.185
user_10939,0.250,0.154,0.248,0.213,0.135
user_1094,0.341,0.194,0.167,0.110,0.188
user_10941,0.297,0.183,0.188,0.115,0.217
user_10942,0.373,0.165,0.171,0.126,0.166
user_10944,0.303,0.186,0.192,0.113,0.206
user_10946,0.350,0.164,0.165,0.139,0.183
user_10949,0.346,0.166,0.191,0.096,0.200
user_1095,0.302,0.190,0.186,0.114,0.209
user_10951,0.274,0.189,0.178,0.118,0.241
user_10952,0.305,0.188,0.190,0.113,0.204
user_10953,0.294,0.185,0.196,0.118,0.208
user_10954,0.272,0.188,0.189,0.116,0.234
user_10955,0.305,0.189,0.188,0.115,0.203
user_10956,0.319,0.140,0.206,0.132,0.203
user_10958,0.270,0.205,0.240,0.106,0.179
user_10963,0.359,0.179,0.177,0.113,0.171
user_10964,0.392,0.153,0.228,0.097,0.130
user_10966,0.309,0.186,0.191,0.113,0.199
user_10967,0.307,0.186,0.191,0.114,0.202
user_1097,0.303,0.191,0.193,0.111,0.203
user_10973,0.144,0.081,0.592,0.092,0.091
user_10974,0.306,0.187,0.193,0.124,0.190
user_10976,0.356,0.181,0.191,0.093,0.178
user_1098,0.289,0.195,0.195,0.116,0.205
user_10981,0.358,0.168,0.135,0.152,0.187
user_10982,0.305,0.216,0.198,0.102,0.179
user_10983,0.353,0.161,0.152,0.186,0.149
user_10984,0.299,0.158,0.179,0.120,0.244
user_10985,0.434,0.167,0.165,0.077,0.157
user_10986,0.313,0.201,0.212,0.118,0.155
user_10987,0.308,0.186,0.208,0.104,0.194
user_10988,0.340,0.206,0.166,0.098,0.190
user_10992,0.300,0.186,0.185,0.105,0.224
user_10995,0.305,0.186,0.196,0.111,0.202
user_10996,0.282,0.208,0.195,0.110,0.205
user_10997,0.385,0.161,0.171,0.081,0.203
user_10998,0.307,0.183,0.195,0.115,0.201
user_10999,0.304,0.195,0.208,0.106,0.186
user_11,0.316,0.179,0.192,0.105,0.208
user_11001,0.306,0.190,0.193,0.114,0.197
user_11004,0.319,0.176,0.167,0.120,0.218
user_11005,0.281,0.204,0.179,0.121,0.215
user_11008,0.305,0.184,0.195,0.111,0.204
user_11009,0.291,0.208,0.168,0.112,0.220
user_1101,0.304,0.187,0.191,0.112,0.206
user_11011,0.315,0.184,0.191,0.110,0.200
user_11015,0.238,0.274,0.210,0.083,0.195
user_11019,0.267,0.172,0.159,0.108,0.293
user_11024,0.294,0.214,0.180,0.113,0.200
user_11026,0.303,0.189,0.190,0.113,0.206
user_11031,0.302,0.193,0.201,0.125,0.179
user_11035,0.289,0.196,0.190,0.116,0.209
user_11036,0.299,0.182,0.199,0.117,0.203
user_11037,0.194,0.116,0.144,0.404,0.142
user_11038,0.384,0.190,0.168,0.106,0.152
user_11039,0.298,0.186,0.197,0.116,0.204
user_11041,0.170,0.240,0.371,0.088,0.131
user_11045,0.367,0.162,0.179,0.085,0.208
user_11046,0.287,0.194,0.205,0.112,0.203
user_11047,0.303,0.150,0.228,0.092,0.227
user_11048,0.293,0.254,0.180,0.083,0.191
user_11050,0.391,0.158,0.142,0.092,0.217
user_11053,0.316,0.185,0.187,0.111,0.200
user_11054,0.288,0.186,0.167,0.161,0.198
user_11055,0.267,0.199,0.190,0.102,0.242
user_11060,0.298,0.187,0.193,0.117,0.205
user_11063,0.308,0.172,0.199,0.136,0.186
user_11064,0.295,0.185,0.186,0.115,0.220
user_11066,0.304,0.188,0.197,0.112,0.198
user_11068,0.296,0.195,0.189,0.118,0.202
user_11069,0.157,0.076,0.635,0.050,0.083
user_1107,0.309,0.185,0.187,0.111,0.208
user_11070,0.231,0.138,0.126,0.071,0.434
user_11071,0.317,0.176,0.197,0.120,0.190
user_11074,0.991,0.002,0.004,0.002,0.001
user_11076,0.312,0.194,0.189,0.112,0.194
user_11077,0.252,0.155,0.237,0.121,0.236
user_11078,0.313,0.184,0.190,0.113,0.200
user_11079,0.301,0.189,0.191,0.113,0.206
user_1108,0.304,0.186,0.196,0.112,0.202
user_11081,0.305,0.188,0.191,0.112,0.204
user_11082,0.148,0.115,0.213,0.395,0.128
user_11084,0.206,0.295,0.146,0.209,0.144
user_11085,0.297,0.198,0.199,0.118,0.188
user_11088,0.295,0.222,0.183,0.116,0.184
user_11089,0.310,0.180,0.191,0.115,0.204
user_11090,0.315,0.178,0.199,0.110,0.198
user_11095,0.278,0.208,0.191,0.115,0.208
user_11098,0.301,0.193,0.189,0.115,0.202
user_111,0.329,0.177,0.179,0.109,0.206
user_1110,0.314,0.182,0.196,0.121,0.187
user_11100,0.281,0.176,0.233,0.142,0.168
user_11102,0.312,0.183,0.197,0.111,0.196
user_11103,0.295,0.181,0.213,0.110,0.200
user_11105,0.299,0.187,0.199,0.116,0.199
user_11110,0.170,0.347,0.159,0.106,0.217
user_11111,0.474,0.114,0.200,0.085,0.127
user_11112,0.265,0.177,0.210,0.108,0.241
user_11113,0.331,0.165,0.215,0.110,0.179
user_11114,0.306,0.187,0.197,0.122,0.188
user_11117,0.302,0.296,0.177,0.087,0.138
user_11118,0.306,0.189,0.198,0.137,0.170
user_11119,0.304,0.188,0.191,0.114,0.203
user_11120,0.371,0.183,0.147,0.096,0.203
user_11121,0.305,0.188,0.193,0.114,0.200
user_11123,0.259,0.145,0.173,0.075,0.348
user_11124,0.312,0.178,0.179,0.120,0.211
user_11125,0.331,0.175,0.186,0.112,0.195
user_11126,0.302,0.187,0.193,0.117,0.200
user_11127,0.258,0.188,0.189,0.128,0.237
user_11128,0.303,0.194,0.190,0.112,0.200
user_11131,0.581,0.068,0.188,0.040,0.123
user_11132,0.303,0.186,0.195,0.090,0.226
user_11136,0.462,0.171,0.132,0.089,0.147
user_11137,0.305,0.184,0.186,0.118,0.206
user_11141,0.329,0.190,0.178,0.112,0.191
user_11142,0.251,0.243,0.148,0.141,0.217
user_11143,0.310,0.179,0.194,0.114,0.204
user_11148,0.319,0.167,0.152,0.096,0.266
user_11149,0.400,0.122,0.187,0.098,0.194
user_1115,0.308,0.199,0.189,0.103,0.201
user_11150,0.267,0.237,0.155,0.129,0.212
user_11151,0.269,0.231,0.142,0.118,0.240
user_11158,0.320,0.175,0.188,0.116,0.202
user_11159,0.283,0.174,0.202,0.119,0.222
user_11162,0.306,0.186,0.192,0.114,0.202
user_11164,0.304,0.188,0.192,0.113,0.203
user_11165,0.304,0.189,0.190,0.112,0.205
user_11167,0.305,0.191,0.194,0.109,0.201
user_1117,0.319,0.187,0.178,0.116,0.200
user_11175,0.358,0.178,0.138,0.098,0.228
user_11177,0.303,0.185,0.192,0.114,0.206
user_11178,0.302,0.188,0.193,0.111,0.206
user_11179,0.089,0.646,0.106,0.058,0.101
user_1118,0.265,0.182,0.188,0.122,0.243
user_11182,0.435,0.135,0.141,0.128,0.160
user_11184,0.315,0.190,0.177,0.114,0.203
user_11188,0.509,0.113,0.164,0.075,0.139
user_1119,0.322,0.176,0.187,0.109,0.205
user_11191,0.411,0.136,0.161,0.100,0.191
user_11194,0.363,0.161,0.179,0.112,0.185
user_11196,0.320,0.187,0.166,0.127,0.200
user_11199,0.326,0.164,0.219,0.112,0.181
user_112,0.207,0.199,0.233,0.084,0.277
user_1120,0.273,0.229,0.183,0.110,0.204
user_11201,0.335,0.208,0.183,0.105,0.169
user_11203,0.290,0.151,0.179,0.104,0.276
user_11206,0.279,0.218,0.165,0.131,0.206
user_11207,0.324,0.179,0.191,0.107,0.198
user_11209,0.211,0.325,0.322,0.069,0.073
user_1121,0.328,0.178,0.182,0.121,0.191
user_11212,0.303,0.188,0.193,0.111,0.205
user_11213,0.278,0.180,0.192,0.114,0.235
user_11214,0.307,0.188,0.182,0.116,0.207
user_11215,0.306,0.186,0.191,0.114,0.203
user_11216,0.380,0.112,0.204,0.148,0.156
user_11217,0.293,0.184,0.176,0.117,0.230
user_11218,0.310,0.172,0.193,0.108,0.218
user_11220,0.294,0.217,0.103,0.076,0.311
user_11225,0.258,0.331,0.160,0.076,0.176
user_11227,0.307,0.188,0.190,0.113,0.202
user_11228,0.306,0.190,0.192,0.115,0.197
user_1123,0.313,0.186,0.188,0.113,0.200
user_11232,0.307,0.185,0.191,0.115,0.203
user_11237,0.378,0.178,0.160,0.106,0.178
user_11238,0.312,0.182,0.186,0.112,0.208
user_1124,0.293,0.190,0.203,0.110,0.204
user_11243,0.311,0.171,0.233,0.103,0.183
user_11245,0.331,0.174,0.175,0.104,0.217
user_11246,0.301,0.177,0.236,0.098,0.188
user_1125,0.330,0.175,0.189,0.112,0.193
user_11252,0.320,0.186,0.184,0.112,0.197
user_11253,0.460,0.123,0.191,0.093,0.134
user_11255,0.305,0.187,0.191,0.114,0.203
user_11256,0.313,0.196,0.195,0.099,0.197
user_11257,0.290,0.224,0.183,0.107,0.195
user_11263,0.246,0.185,0.371,0.091,0.108
user_11265,0.290,0.174,0.215,0.113,0.208
user_11267,0.237,0.065,0.369,0.101,0.228
user_11268,0.303,0.186,0.211,0.112,0.189
user_11269,0.620,0.102,0.119,0.056,0.102
user_1127,0.305,0.185,0.193,0.114,0.204
user_11270,0.271,0.200,0.169,0.105,0.256
user_11272,0.286,0.171,0.172,0.147,0.224
user_11274,0.251,0.119,0.395,0.091,0.143
user_11276,0.370,0.155,0.181,0.113,0.181
user_11277,0.305,0.187,0.191,0.114,0.203
user_11278,0.287,0.370,0.128,0.084,0.132
user_11283,0.187,0.184,0.165,0.220,0.244
user_11284,0.435,0.140,0.135,0.143,0.147
user_11289,0.321,0.187,0.187,0.121,0.183
user_1129,0.250,0.161,0.248,0.104,0.237
user_11290,0.305,0.186,0.192,0.114,0.203
user_11292,0.277,0.190,0.183,0.105,0.244
user_11294,0.301,0.184,0.193,0.115,0.207
user_11295,0.303,0.189,0.192,0.113,0.204
user_11296,0.000,0.000,0.000,0.000,1.000
user_11299,0.313,0.185,0.187,0.117,0.198
user_113,0.630,0.101,0.079,0.060,0.131
user_1130,0.180,0.130,0.195,0.341,0.154
user_11302,0.290,0.193,0.204,0.102,0.211
user_11304,0.305,0.187,0.193,0.113,0.202
user_11306,0.312,0.197,0.194,0.102,0.195
user_11307,0.307,0.188,0.190,0.115,0.201
user_11308,0.302,0.216,0.196,0.125,0.160
user_11310,0.288,0.192,0.203,0.128,0.190
user_11312,0.409,0.188,0.140,0.093,0.169
user_11317,0.131,0.050,0.062,0.057,0.700
user_11318,0.162,0.197,0.133,0.165,0.344
user_1132,0.276,0.193,0.203,0.108,0.220
user_11325,0.272,0.290,0.154,0.081,0.203
user_11328,0.306,0.187,0.190,0.114,0.204
user_11329,0.305,0.186,0.189,0.113,0.207
user_1133,0.260,0.123,0.255,0.136,0.226
user_11331,0.311,0.149,0.189,0.126,0.226
user_11332,0.306,0.183,0.199,0.114,0.198
user_11337,0.302,0.196,0.184,0.117,0.201
user_1134,0.303,0.187,0.191,0.113,0.205
user_11340,0.281,0.187,0.201,0.127,0.204
user_11341,0.311,0.194,0.192,0.106,0.197
user_11343,0.362,0.142,0.197,0.119,0.179
user_11344,0.214,0.308,0.160,0.103,0.214
user_11345,0.215,0.290,0.168,0.112,0.216
user_11346,0.326,0.187,0.160,0.099,0.228
user_11349,0.276,0.197,0.241,0.109,0.177
user_1135,0.305,0.198,0.226,0.120,0.151
user_11351,0.007,0.004,0.002,0.002,0.986
user_11352,0.307,0.188,0.205,0.100,0.200
user_11354,0.283,0.188,0.207,0.114,0.208
user_11355,0.159,0.134,0.106,0.481,0.119
user_11356,0.305,0.187,0.191,0.113,0.204
user_11357,0.302,0.196,0.179,0.119,0.203
user_1136,0.232,0.177,0.205,0.117,0.269
user_11360,0.308,0.187,0.190,0.115,0.199
user_11361,0.300,0.126,0.205,0.188,0.181
user_11364,0.262,0.253,0.209,0.107,0.169
user_11367,0.295,0.165,0.195,0.099,0.246
user_1137,0.414,0.173,0.178,0.104,0.130
user_11370,0.280,0.187,0.213,0.130,0.190
user_11371,0.309,0.188,0.188,0.113,0.202
user_11372,0.514,0.124,0.106,0.077,0.179
user_11373,0.318,0.155,0.163,0.130,0.234
user_11374,0.304,0.209,0.180,0.094,0.214
user_11375,0.253,0.159,0.328,0.070,0.190
user_11376,0.340,0.169,0.196,0.106,0.189
user_11377,0.311,0.186,0.192,0.114,0.198
user_11378,0.332,0.177,0.185,0.101,0.205
user_1138,0.285,0.170,0.162,0.146,0.238
user_11380,0.309,0.186,0.190,0.112,0.203
user_11382,0.282,0.255,0.145,0.117,0.201
user_11383,0.301,0.176,0.180,0.124,0.219
user_11384,0.252,0.167,0.231,0.136,0.213
user_11385,0.318,0.192,0.188,0.105,0.196
user_11389,0.227,0.255,0.158,0.167,0.192
user_1139,0.226,0.239,0.145,0.098,0.292
user_11390,0.306,0.186,0.195,0.113,0.200
user_11391,0.321,0.177,0.187,0.117,0.198
user_11392,0.300,0.184,0.197,0.117,0.201
user_11394,0.372,0.149,0.152,0.098,0.229
user_11396,0.403,0.177,0.149,0.086,0.185
user_11397,0.351,0.165,0.202,0.087,0.195
user_11399,0.296,0.167,0.216,0.124,0.195
user_114,0.301,0.180,0.191,0.113,0.215
user_1140,0.284,0.225,0.182,0.101,0.208
user_11404,0.383,0.258,0.118,0.094,0.147
user_11406,0.300,0.192,0.192,0.113,0.203
user_11407,0.287,0.166,0.209,0.124,0.213
user_11408,0.299,0.190,0.195,0.116,0.200
user_11409,0.208,0.213,0.235,0.164,0.180
user_1141,0.311,0.191,0.185,0.115,0.198
user_11410,0.287,0.155,0.189,0.152,0.217
user_11413,0.310,0.189,0.192,0.112,0.197
user_11414,0.250,0.126,0.364,0.193,0.068
user_11417,0.256,0.145,0.246,0.192,0.162
user_11419,0.301,0.179,0.175,0.114,0.231
user_11421,0.291,0.189,0.179,0.132,0.210
user_11422,0.295,0.201,0.211,0.110,0.183
user_11423,0.186,0.115,0.434,0.091,0.174
user_11424,0.319,0.197,0.187,0.107,0.189
user_11425,0.223,0.123,0.462,0.091,0.101
user_11426,0.312,0.207,0.173,0.109,0.199
user_11428,0.305,0.203,0.178,0.112,0.201
user_1143,0.305,0.187,0.191,0.113,0.204
user_11430,0.300,0.239,0.158,0.108,0.194
user_11431,0.311,0.184,0.153,0.108,0.244
user_11432,0.236,0.165,0.251,0.088,0.260
user_11433,0.314,0.188,0.190,0.115,0.194
user_11434,0.302,0.186,0.191,0.117,0.205
user_11437,0.223,0.104,0.180,0.358,0.135
user_11439,0.301,0.185,0.188,0.114,0.211
user_1144,0.254,0.221,0.172,0.077,0.276
user_11440,0.306,0.186,0.193,0.113,0.203
user_11445,0.288,0.210,0.167,0.148,0.187
user_11446,0.260,0.155,0.248,0.111,0.227
user_11447,0.396,0.151,0.134,0.101,0.218
user_11449,0.297,0.179,0.215,0.108,0.201
user_11454,0.310,0.186,0.193,0.110,0.201
user_11456,0.303,0.191,0.203,0.099,0.204
user_11458,0.331,0.139,0.167,0.176,0.187
user_1146,0.271,0.207,0.200,0.124,0.198
user_11460,0.307,0.181,0.192,0.109,0.212
user_11462,0.291,0.182,0.225,0.112,0.189
user_11465,0.193,0.151,0.388,0.112,0.157
user_11467,0.302,0.186,0.196,0.113,0.203
user_11468,0.275,0.182,0.174,0.116,0.253
user_1147,0.444,0.185,0.115,0.112,0.144
user_11471,0.304,0.191,0.191,0.113,0.201
user_11473,0.310,0.196,0.176,0.105,0.213
user_11474,0.262,0.161,0.153,0.157,0.266
user_11475,0.301,0.194,0.186,0.114,0.205
user_11479,0.318,0.177,0.210,0.103,0.193
user_1148,0.284,0.149,0.237,0.182,0.148
user_11481,0.312,0.190,0.185,0.118,0.195
user_11482,0.305,0.187,0.193,0.115,0.200
user_11483,0.283,0.182,0.217,0.127,0.192
user_11486,0.114,0.128,0.652,0.054,0.052
user_11487,0.312,0.178,0.190,0.113,0.207
user_11488,0.270,0.177,0.272,0.094,0.187
user_11489,0.475,0.165,0.119,0.072,0.169
user_1149,0.369,0.152,0.197,0.103,0.178
user_11490,0.259,0.177,0.238,0.101,0.225
user_11495,0.980,0.005,0.002,0.002,0.011
user_11497,0.308,0.184,0.188,0.116,0.204
user_11498,0.197,0.416,0.127,0.097,0.164
user_115,0.305,0.186,0.192,0.114,0.204
user_11500,0.303,0.167,0.209,0.121,0.200
user_11503,0.279,0.183,0.206,0.116,0.215
user_11505,0.369,0.148,0.181,0.104,0.198
user_1151,0.309,0.177,0.189,0.114,0.210
user_11510,0.307,0.186,0.190,0.114,0.202
user_11514,0.251,0.174,0.219,0.186,0.170
user_11515,0.427,0.108,0.053,0.314,0.098
user_11517,0.261,0.384,0.120,0.119,0.117
user_11519,0.304,0.185,0.193,0.116,0.203
user_1152,0.297,0.187,0.196,0.115,0.205
user_11520,0.296,0.182,0.177,0.112,0.233
user_11522,0.306,0.186,0.192,0.112,0.204
user_11523,0.425,0.173,0.204,0.075,0.123
user_11524,0.306,0.187,0.191,0.115,0.201
user_11525,0.303,0.240,0.191,0.104,0.163
user_11526,0.239,0.176,0.169,0.170,0.247
user_11527,0.223,0.205,0.340,0.068,0.164
user_1153,0.333,0.179,0.198,0.109,0.181
user_11531,0.299,0.191,0.186,0.107,0.217
user_11534,0.308,0.187,0.189,0.113,0.204
user_11536,0.305,0.150,0.160,0.149,0.235
user_11537,0.321,0.194,0.173,0.106,0.205
user_11539,0.309,0.194,0.187,0.111,0.200
user_11543,0.231,0.295,0.190,0.080,0.203
user_11547,0.306,0.187,0.192,0.113,0.203
user_11549,0.352,0.162,0.179,0.116,0.191
user_1155,0.308,0.191,0.192,0.111,0.198
user_11551,0.267,0.293,0.137,0.149,0.154
user_11553,0.305,0.187,0.190,0.114,0.204
user_11554,0.294,0.179,0.186,0.108,0.234
user_11555,0.300,0.192,0.188,0.114,0.206
user_11556,0.260,0.206,0.140,0.251,0.143
user_11558,0.305,0.191,0.183,0.114,0.207
user_1156,0.306,0.178,0.193,0.124,0.198
user_11563,0.307,0.198,0.178,0.124,0.193
user_11566,0.335,0.172,0.140,0.186,0.167
user_1157,0.304,0.183,0.191,0.111,0.210
user_11574,0.235,0.172,0.184,0.160,0.249
user_11575,0.839,0.045,0.017,0.021,0.077
user_11577,0.301,0.184,0.193,0.115,0.207
user_11578,0.292,0.186,0.197,0.113,0.212
user_11579,0.279,0.186,0.202,0.112,0.221
user_1158,0.301,0.184,0.188,0.112,0.215
user_11580,0.304,0.186,0.191,0.115,0.203
user_11581,0.293,0.177,0.200,0.110,0.220
user_11583,0.305,0.184,0.194,0.113,0.203
user_11584,0.167,0.084,0.138,0.071,0.540
user_11586,0.305,0.187,0.191,0.113,0.203
user_11588,0.226,0.420,0.155,0.066,0.133
user_11589,0.310,0.185,0.191,0.116,0.198
user_1159,0.274,0.170,0.208,0.117,0.231
user_11590,0.278,0.114,0.145,0.288,0.175
user_11593,0.191,0.070,0.085,0.503,0.151
user_11596,0.322,0.185,0.191,0.110,0.191
user_11598,0.305,0.187,0.191,0.114,0.203
user_116,0.278,0.158,0.208,0.115,0.241
user_11600,0.333,0.188,0.160,0.118,0.201
user_11601,0.302,0.186,0.195,0.114,0.203
user_11603,0.397,0.175,0.153,0.091,0.185
user_11606,0.722,0.084,0.057,0.054,0.083
user_11607,0.354,0.182,0.177,0.128,0.160
user_11608,0.285,0.194,0.194,0.120,0.207
user_11610,0.303,0.185,0.192,0.116,0.204
user_11611,0.297,0.183,0.196,0.115,0.209
user_11613,0.412,0.162,0.172,0.092,0.161
user_11615,0.087,0.641,0.045,0.058,0.169
user_11616,0.295,0.183,0.189,0.104,0.229
user_11618,0.401,0.148,0.187,0.126,0.138
user_11619,0.304,0.192,0.210,0.107,0.188
user_1162,0.307,0.184,0.195,0.111,0.204
user_11625,0.272,0.147,0.215,0.141,0.225
user_1163,0.266,0.280,0.184,0.092,0.178
user_11630,0.230,0.290,0.181,0.135,0.164
user_11631,0.298,0.192,0.190,0.115,0.204
user_11632,0.206,0.189,0.200,0.086,0.319
user_11633,0.326,0.179,0.204,0.108,0.182
user_11636,0.298,0.144,0.297,0.099,0.162
user_1164,0.294,0.184,0.204,0.095,0.223
user_11640,0.304,0.187,0.177,0.103,0.230
user_11641,0.292,0.222,0.186,0.110,0.190
user_11642,0.245,0.159,0.175,0.117,0.303
user_11643,0.276,0.237,0.180,0.117,0.190
user_11644,0.262,0.191,0.182,0.109,0.255
user_11645,0.320,0.114,0.145,0.081,0.340
user_11646,0.286,0.128,0.170,0.300,0.116
user_11647,0.301,0.182,0.196,0.116,0.205
user_11648,0.328,0.173,0.210,0.102,0.188
user_1165,0.322,0.180,0.183,0.106,0.209
user_11651,0.398,0.131,0.208,0.084,0.179
user_11653,0.307,0.183,0.188,0.118,0.203
user_11654,0.298,0.190,0.174,0.110,0.229
user_11655,0.257,0.200,0.198,0.105,0.240
user_1166,0.286,0.190,0.127,0.096,0.301
user_11660,0.351,0.160,0.201,0.124,0.164
user_11661,0.295,0.192,0.195,0.121,0.197
user_11667,0.281,0.159,0.172,0.175,0.212
user_11669,0.355,0.242,0.142,0.091,0.169
user_1167,0.297,0.170,0.195,0.116,0.222
user_11670,0.306,0.248,0.140,0.118,0.188
user_11672,0.284,0.195,0.207,0.116,0.198
user_11674,0.236,0.112,0.249,0.065,0.338
user_11678,0.300,0.220,0.198,0.106,0.177
user_11679,0.258,0.164,0.149,0.167,0.261
user_11682,0.306,0.186,0.192,0.114,0.203
user_11685,0.278,0.214,0.165,0.108,0.235
user_11689,0.113,0.090,0.110,0.545,0.142
user_1169,0.343,0.163,0.203,0.118,0.173
user_11691,0.304,0.185,0.191,0.114,0.205
user_11693,0.280,0.134,0.180,0.111,0.295
user_11695,0.289,0.275,0.180,0.110,0.147
user_11697,0.302,0.185,0.188,0.112,0.213
user_11698,0.313,0.219,0.156,0.076,0.236
user_11699,0.308,0.200,0.190,0.107,0.195
user_1170,0.305,0.168,0.174,0.163,0.190
user_11700,0.305,0.187,0.191,0.113,0.204
user_11701,0.308,0.191,0.175,0.108,0.218
user_11702,0.316,0.190,0.200,0.117,0.177
user_11704,0.304,0.186,0.193,0.113,0.203
user_11707,0.287,0.178,0.219,0.100,0.216
user_11708,0.201,0.219,0.200,0.185,0.195
user_11709,0.414,0.136,0.167,0.096,0.188
user_1171,0.482,0.145,0.123,0.085,0.165
user_11710,0.341,0.185,0.187,0.106,0.181
user_11711,0.312,0.188,0.188,0.114,0.198
user_11712,0.314,0.189,0.174,0.115,0.208
user_11713,0.362,0.158,0.248,0.095,0.136
user_11714,0.289,0.174,0.193,0.106,0.238
user_11715,0.280,0.177,0.238,0.132,0.173
user_11716,0.304,0.204,0.180,0.118,0.193
user_11718,0.319,0.186,0.194,0.114,0.187
user_1172,0.204,0.070,0.102,0.054,0.569
user_11721,0.279,0.184,0.258,0.105,0.174
user_11722,0.313,0.168,0.252,0.091,0.177
user_11723,0.264,0.209,0.167,0.103,0.256
user_11726,0.143,0.079,0.600,0.096,0.083
user_11727,0.450,0.230,0.094,0.133,0.093
user_11732,0.998,0.001,0.000,0.000,0.001
user_11735,0.245,0.236,0.191,0.111,0.217
user_11739,0.318,0.190,0.190,0.108,0.193
user_1174,0.308,0.174,0.184,0.114,0.221
user_11743,0.299,0.197,0.193,0.113,0.198
user_11747,0.343,0.163,0.189,0.103,0.203
user_11748,0.278,0.194,0.207,0.113,0.209
user_11749,0.301,0.194,0.191,0.113,0.201
user_1175,0.310,0.189,0.186,0.123,0.192
user_11751,0.325,0.180,0.208,0.104,0.183
user_11753,0.304,0.186,0.192,0.116,0.202
user_11754,0.382,0.145,0.195,0.099,0.180
user_11755,0.309,0.186,0.195,0.114,0.197
user_11756,0.317,0.172,0.184,0.113,0.214
user_11757,0.075,0.078,0.795,0.022,0.030
user_11758,0.297,0.189,0.192,0.113,0.209
user_11761,0.293,0.197,0.185,0.117,0.207
user_11762,0.269,0.193,0.252,0.121,0.166
user_11763,0.313,0.195,0.181,0.112,0.199
user_11773,0.395,0.183,0.154,0.088,0.181
user_11774,0.294,0.219,0.182,0.103,0.202
user_11775,0.289,0.222,0.155,0.125,0.209
user_11777,0.302,0.187,0.192,0.112,0.208
user_11779,0.269,0.176,0.214,0.119,0.221
user_1178,0.311,0.178,0.198,0.113,0.199
user_11780,0.309,0.182,0.195,0.113,0.201
user_11783,0.310,0.188,0.187,0.113,0.202
user_11785,0.389,0.151,0.214,0.098,0.148
user_11791,0.307,0.186,0.180,0.114,0.214
user_11792,0.307,0.187,0.190,0.114,0.203
user_11794,0.956,0.011,0.018,0.009,0.006
user_11797,0.319,0.175,0.173,0.116,0.216
user_118,0.165,0.043,0.083,0.041,0.667
user_11800,0.310,0.189,0.192,0.109,0.200
user_11801,0.377,0.149,0.193,0.109,0.172
user_11803,0.290,0.177,0.272,0.091,0.170
user_11804,0.332,0.147,0.227,0.105,0.189
user_11807,0.287,0.134,0.200,0.219,0.160
user_11809,0.186,0.200,0.350,0.130,0.135
user_1181,0.333,0.156,0.174,0.108,0.229
user_11810,0.295,0.200,0.195,0.112,0.198
user_11811,0.291,0.181,0.246,0.098,0.184
user_11812,0.300,0.187,0.191,0.116,0.206
user_11813,0.306,0.187,0.192,0.113,0.202
user_11814,0.120,0.056,0.101,0.619,0.104
user_11815,0.305,0.187,0.191,0.114,0.203
user_11816,0.301,0.189,0.189,0.117,0.204
user_11817,0.000,1.000,0.000,0.000,0.000
user_11818,0.521,0.153,0.126,0.090,0.110
user_11819,0.302,0.168,0.188,0.101,0.241
user_1182,0.336,0.173,0.171,0.112,0.208
user_11820,0.288,0.170,0.224,0.128,0.190
user_11821,0.241,0.392,0.098,0.057,0.212
user_11823,0.300,0.250,0.087,0.036,0.326
user_11824,0.299,0.192,0.192,0.113,0.204
user_11825,0.379,0.147,0.199,0.131,0.144
user_11827,0.302,0.181,0.200,0.106,0.211
user_11828,0.379,0.137,0.203,0.090,0.191
user_11829,0.306,0.188,0.188,0.113,0.205
user_1183,0.190,0.411,0.141,0.129,0.129
user_11830,0.299,0.185,0.198,0.115,0.203
user_11833,0.316,0.194,0.183,0.112,0.195
user_11834,0.303,0.189,0.192,0.113,0.203
user_11835,0.268,0.207,0.209,0.108,0.207
user_11837,0.296,0.190,0.193,0.114,0.207
user_11841,0.318,0.250,0.166,0.096,0.170
user_11844,0.198,0.139,0.423,0.107,0.132
user_11845,0.896,0.021,0.052,0.010,0.021
user_11847,0.267,0.253,0.266,0.095,0.120
user_1185,0.215,0.154,0.297,0.189,0.144
user_11852,0.286,0.202,0.190,0.117,0.206
user_11853,0.348,0.156,0.183,0.105,0.207
user_11854,0.287,0.190,0.191,0.105,0.226
user_11856,0.327,0.186,0.182,0.123,0.182
user_11859,0.305,0.189,0.192,0.107,0.206
user_11860,0.215,0.156,0.357,0.106,0.166
user_11861,0.297,0.310,0.146,0.074,0.173
user_11862,0.318,0.195,0.180,0.111,0.196
user_11863,0.429,0.130,0.165,0.103,0.173
user_11865,0.198,0.347,0.172,0.106,0.178
user_11867,0.303,0.161,0.153,0.137,0.245
user_11868,0.261,0.184,0.258,0.096,0.201
user_11870,0.335,0.223,0.175,0.110,0.158
user_11871,0.620,0.075,0.113,0.082,0.110
user_11873,0.307,0.186,0.191,0.114,0.203
user_11874,0.385,0.171,0.173,0.101,0.171
user_11878,0.309,0.186,0.189,0.114,0.202
user_11886,0.259,0.161,0.298,0.095,0.187
user_11888,0.353,0.158,0.243,0.097,0.148
user_11890,0.271,0.156,0.155,0.089,0.329
user_11891,0.287,0.156,0.226,0.091,0.239
user_11892,0.267,0.206,0.219,0.092,0.216
user_11894,0.317,0.178,0.185,0.108,0.213
user_11895,0.303,0.185,0.194,0.115,0.202
user_11896,0.283,0.179,0.200,0.107,0.231
user_1190,0.893,0.021,0.031,0.031,0.023
user_11900,0.322,0.170,0.171,0.114,0.223
user_11904,0.147,0.597,0.121,0.038,0.097
user_11907,0.025,0.905,0.034,0.012,0.025
user_11909,0.302,0.199,0.169,0.115,0.215
user_1191,0.304,0.188,0.203,0.115,0.190
user_11912,0.307,0.183,0.186,0.115,0.209
user_11913,0.314,0.185,0.189,0.117,0.195
user_11915,0.311,0.162,0.240,0.104,0.183
user_11918,0.313,0.206,0.162,0.123,0.196
user_1192,0.300,0.192,0.198,0.117,0.193
user_11920,0.312,0.189,0.194,0.106,0.198
user_11925,0.266,0.202,0.199,0.110,0.222
user_11927,0.293,0.185,0.193,0.116,0.213
user_11928,0.301,0.195,0.164,0.112,0.228
user_1193,0.352,0.181,0.178,0.105,0.184
user_11931,0.302,0.179,0.225,0.112,0.181
user_11934,0.309,0.184,0.186,0.113,0.208
user_11935,0.206,0.209,0.113,0.337,0.135
user_11938,0.309,0.225,0.161,0.109,0.197
user_11939,0.320,0.183,0.189,0.103,0.206
user_1194,0.311,0.190,0.186,0.108,0.204
user_11942,0.106,0.061,0.089,0.661,0.084
user_11943,0.223,0.203,0.206,0.102,0.265
user_11944,0.308,0.187,0.194,0.115,0.197
user_11946,0.298,0.189,0.187,0.116,0.210
user_11947,0.333,0.176,0.137,0.123,0.230
user_11948,0.308,0.184,0.190,0.113,0.205
user_1195,0.256,0.186,0.195,0.125,0.238
user_11954,0.203,0.142,0.351,0.078,0.226
user_11957,0.337,0.160,0.174,0.122,0.207
user_11958,0.722,0.075,0.060,0.071,0.071
user_11959,0.332,0.132,0.177,0.138,0.221
user_1196,0.258,0.193,0.185,0.084,0.280
user_11960,0.312,0.150,0.255,0.122,0.162
user_11963,0.399,0.142,0.178,0.100,0.180
user_11964,0.306,0.186,0.192,0.114,0.202
user_11965,0.206,0.254,0.154,0.199,0.187
user_11966,0.307,0.188,0.189,0.114,0.202
user_11967,0.265,0.181,0.180,0.175,0.198
user_11969,0.286,0.187,0.196,0.103,0.229
user_1197,0.323,0.170,0.189,0.118,0.201
user_11970,0.981,0.005,0.006,0.002,0.006
user_11971,0.319,0.187,0.182,0.104,0.207
user_11972,0.447,0.138,0.114,0.105,0.197
user_11974,0.314,0.181,0.180,0.116,0.208
user_11976,0.322,0.211,0.193,0.083,0.191
user_1198,0.311,0.180,0.187,0.115,0.207
user_11980,0.302,0.186,0.188,0.111,0.214
user_11982,0.287,0.166,0.193,0.132,0.222
user_11984,0.289,0.191,0.192,0.116,0.212
user_11985,0.385,0.163,0.177,0.074,0.201
user_11987,0.293,0.233,0.227,0.092,0.155
user_11990,0.321,0.182,0.176,0.107,0.213
user_11993,0.241,0.197,0.216,0.122,0.224
user_11996,0.316,0.168,0.191,0.113,0.212
user_11997,0.291,0.171,0.216,0.100,0.223
user_11998,0.327,0.177,0.175,0.116,0.205
user_120,0.385,0.130,0.187,0.109,0.189
user_12001,0.313,0.173,0.217,0.104,0.193
user_12002,0.302,0.191,0.190,0.113,0.205
user_12005,0.305,0.184,0.198,0.114,0.199
user_12008,0.291,0.199,0.190,0.109,0.211
user_12009,0.293,0.186,0.192,0.111,0.217
user_1201,0.309,0.157,0.184,0.099,0.251
user_12010,0.317,0.180,0.245,0.086,0.173
user_12012,0.229,0.340,0.145,0.125,0.161
user_12013,0.230,0.128,0.129,0.362,0.150
user_12015,0.385,0.187,0.182,0.111,0.135
user_12016,0.280,0.219,0.169,0.113,0.219
user_12019,0.308,0.185,0.186,0.114,0.208
user_12024,0.254,0.074,0.110,0.386,0.176
user_12025,0.306,0.210,0.179,0.125,0.180
user_12027,0.293,0.206,0.171,0.119,0.211
user_12030,0.225,0.271,0.203,0.100,0.202
user_12031,0.299,0.193,0.189,0.114,0.205
user_12032,0.304,0.187,0.192,0.113,0.204
user_12034,0.304,0.186,0.190,0.111,0.208
user_12035,0.315,0.180,0.194,0.112,0.200
user_12036,0.307,0.188,0.188,0.113,0.204
user_12037,0.287,0.205,0.193,0.114,0.202
user_12038,0.330,0.174,0.193,0.106,0.196
user_12039,0.325,0.153,0.182,0.097,0.243
user_12040,0.312,0.189,0.180,0.111,0.208
user_12042,0.305,0.189,0.192,0.112,0.202
user_12043,0.308,0.187,0.190,0.114,0.202
user_12044,0.305,0.184,0.191,0.114,0.206
user_12045,0.314,0.244,0.145,0.124,0.173
user_1205,0.315,0.181,0.195,0.114,0.196
user_12053,0.319,0.183,0.191,0.135,0.172
user_12056,0.358,0.179,0.170,0.112,0.180
user_12060,0.302,0.178,0.179,0.120,0.221
user_12063,0.155,0.153,0.109,0.450,0.133
user_12067,0.284,0.183,0.204,0.130,0.199
user_12068,0.326,0.158,0.206,0.112,0.198
user_12069,0.319,0.192,0.175,0.107,0.205
user_1207,0.274,0.210,0.196,0.111,0.210
