user_name	reviewer_location	id	geo	facility	location	cleanliness	service
jaimen	melbourne	3		0.232	0.349	0.119	0.3
CliveR	Royal Tunbridge Wells, United Kingdom	5		0.438	0.134	0.167	0.261
rodo14	Seattle, Washington	6		0.234	0.349	0.118	0.299
LynnK99	Milngavie, Scotland	7		0.243	0.355	0.118	0.284
ShaneFleming	San Francisco, California	8		0.315	0.244	0.101	0.34
Sammersam	Boston, Massachusetts	9		0.43	0.246	0.131	0.193
twinlions	Los Angeles, California	11		0.236	0.327	0.121	0.316
yasmineb	Hertfordshire	12		0.295	0.302	0.123	0.28
tubby62	Russell	17		0.136	0.208	0.135	0.521
Elsie125	London, United Kingdom	18		0.253	0.321	0.112	0.314
trippin7	Lafayette, CA	20		0.232	0.343	0.119	0.306
Cyberbagel	Baltimore, Maryland	24		0.092	0.407	0.196	0.305
MarkTravel616	Rhinebeck, New York	26		0.204	0.326	0.116	0.354
WhinyMcGee	New Hampshire	29		0.353	0.236	0.032	0.378
ErikaH11	Baltimore, Maryland	31		0.291	0.335	0.047	0.327
DoctorRetired	Los Angeles	32		0.072	0.492	0.1	0.336
VictoriaE	England	33		0.496	0.319	0.107	0.077
Parmar02	London	35		0.239	0.304	0.136	0.321
nybos	Boston	36		0.188	0.602	0.083	0.127
PareXcellence2014	London	38		0.278	0.253	0.142	0.327
fishking88	Houston, Texas	41		0.103	0.411	0.209	0.277
Pineappclo	Glasgow, United Kingdom	42		0.31	0.181	0.143	0.366
otolith	Cambridge, United Kingdom	43		0.184	0.39	0.216	0.21
Jojo_Wik	London, United Kingdom	44		0.224	0.343	0.121	0.312
Lifou T	New York City, New York	46		0.193	0.253	0.12	0.434
architourist	Washington DC	47		0.221	0.317	0.13	0.332
ThuanMTran9	Metro Minneapolis-Saint Paul, Minnesota	48		0.421	0.23	0.177	0.173
GoodFood	New York City, New York	49		0.222	0.319	0.125	0.334
Traveller6345	Toronto, Canada	50		0.257	0.342	0.114	0.287
dysphorichousewife	Chicago	51		0.237	0.349	0.118	0.296
jbullll	Sydney, Australia	53		0.235	0.333	0.12	0.312
CarolineMcMuffin	Boston, Massachusetts	55		0.252	0.319	0.118	0.31
HolidayReviews90	Sheffield, United Kingdom	56		0.259	0.306	0.124	0.31
abbie W	Nottingham, United Kingdom	58		0.498	0.123	0.184	0.196
ChanyD	CANADA	59		0.263	0.33	0.121	0.286
SharonFitzatrick	Bowmanville, Canada	60		0.187	0.217	0.109	0.486
hitlong	Sydney, Australia	62		0.178	0.406	0.103	0.313
lottie03	Littleborough, Lancs	63		0.226	0.337	0.122	0.315
adctd2onlnshpng	San Francisco, California	65		0.23	0.343	0.119	0.308
ALR73	Chicago, IL	67		0.23	0.35	0.119	0.301
Hallstar4	Manchester, United Kingdom	68		0.244	0.322	0.109	0.325
JSchuman1225	Tampa, Florida	70		0.155	0.244	0.241	0.36
OrlandoTripKing	Florida	71		0.194	0.361	0.117	0.328
violinist49	Valley Forge, Pennsylvania	75		0.603	0.198	0.091	0.108
RoamingCatholic1	Brisbane Region, Australia	76		0.228	0.409	0.108	0.255
lbm770	Toronto, Canada	77		0.223	0.35	0.1	0.328
MzCharmaine	Canberra, Australia	78		0.204	0.25	0.113	0.432
asdAustralia	australia	79		0.193	0.542	0.046	0.219
Sluggo65	Boston, Massachusetts	80		0.258	0.299	0.148	0.294
Anglotripper	Boston, Massachusetts	82		0.281	0.31	0.129	0.28
droolytabooly	New York City, New York	83		0.489	0.155	0.151	0.205
singaporesling49	canada	85		0.354	0.204	0.099	0.343
Experienced55	Istanbul	86		0.079	0.285	0.157	0.479
SherylK	Boston, MA	87		0.24	0.329	0.132	0.299
SPimentel	Sao Paulo, SP	88		0.227	0.338	0.116	0.319
mostyn7	United Kingdom	90		0.233	0.344	0.118	0.304
MajorMum	Basel, Switzerland	92		0.213	0.296	0.115	0.375
HoLaurie	Paris, France	93		0.151	0.262	0.368	0.219
JennMen	Toronto, Ontario, Canada	94		0.382	0.141	0.266	0.211
alant08	Nelson, United Kingdom	95		0.226	0.309	0.125	0.34
FamilyTravelJunkkie	Wahroonga, Australia	99		0.256	0.555	0.057	0.132
queenm365	Galway, Ireland	105		0.33	0.31	0.108	0.252
TheKoonah	Los Angeles, California	106		0.229	0.349	0.119	0.303
marcus_uk2008	London	107		0.204	0.3	0.101	0.396
123degrees	Sydney, Australia	108		0.295	0.284	0.166	0.254
world_traveler_ct	Stamford, CT, USA	111		0.159	0.401	0.099	0.342
BLud44	Portland, OR	112		0.213	0.374	0.103	0.31
LaPadrona	NYC	113		0.35	0.235	0.129	0.287
therealskinny8	Vero Beach, Florida	114		0.214	0.369	0.113	0.304
HanKelly	Bowling Green, Kentucky	115		0.228	0.309	0.106	0.358
cjr1010	Sinking Spring, Pennsylvania	116		0.354	0.287	0.115	0.243
BennySD	New York City, New York, USA	118		0.19	0.374	0.133	0.303
MrsTheophile	New York City, New York	120		0.219	0.348	0.142	0.292
adashel	Singapore, Singapore	122		0.149	0.194	0.066	0.591
MMN_53	County Cork, Ireland	126		0.148	0.452	0.134	0.266
xlne	Singapore, Singapore	127		0.247	0.31	0.105	0.339
Jasmine7107	Sydney, Australia	129		0.124	0.254	0.099	0.523
mixedman	Toronto, Canada	131		0.314	0.278	0.107	0.301
cityrealtorgal	Cleveland, Ohio	134		0.175	0.422	0.166	0.238
Fern47	Falls Church, Virginia	137		0.217	0.33	0.129	0.325
JJD82	Atlanta, Georgia	139		0.246	0.361	0.108	0.285
MagicSpell	Oxford	140		0.235	0.474	0.095	0.196
Darlene3501	Victoria, Australia	142		0.231	0.334	0.117	0.318
BZgal08	San Diego, California	144		0.167	0.323	0.11	0.4
SkinnyCritic	Los Angeles	146		0.225	0.364	0.121	0.29
binsgirl	Nashville, Tennessee	147		0.29	0.272	0.14	0.297
Glewis1	Portland, Maine	149		0.067	0.262	0.087	0.585
JSCurtis70	Baltimore	150		0.28	0.342	0.07	0.309
kari32	Sarnia, Canada	151		0.2	0.25	0.1	0.45
spcwdc	Washington DC, District of Columbia	155		0.202	0.397	0.084	0.317
PatnKerisTravels	Toronto, Canada	157		0.206	0.255	0.117	0.422
Businessman69	London	158		0.283	0.281	0.21	0.226
WorldWanderer2000	Los Angeles, California	160		0.155	0.497	0.119	0.229
dagongster	Fort Worth, Texas	162		0.258	0.545	0.079	0.118
sodesa2016	Bandar Seri Begawan, Brunei Darussalam	163		0.116	0.42	0.218	0.246
ConcordAnn	Concord, MA	164		0.229	0.337	0.123	0.311
NicolasGr	London, United Kingdom	165		0.47	0.182	0.085	0.263
lovefood1693	Acworth, Georgia	166		0.128	0.096	0.07	0.707
latentpower	Bethlehem, PA	168		0.118	0.454	0.036	0.392
Vestfoldgirl	Sandefjord, Norway	170		0.269	0.418	0.074	0.239
nancys	Israel	173		0.178	0.42	0.109	0.292
lilnemo	maryland	176		0.16	0.442	0.124	0.274
Samoht60	Vienna Region, Austria	178		0.229	0.347	0.121	0.303
haagensena	Boston, Massachusetts	179		0.244	0.323	0.119	0.314
ivyCharlotte4	Canton of Zurich, Switzerland	180		0.197	0.494	0.091	0.218
Jacobs-Family	Jacksonville, Florida	181		0.23	0.344	0.119	0.308
SATraveller25	North Brunswick, New Jersey	182		0.245	0.391	0.102	0.261
schnusizh	Zurich, Switzerland	185		0.154	0.376	0.266	0.204
SabonLover	Tokyo, Japan	186		0.243	0.366	0.12	0.271
ZGTO	Dallas, Texas	188		0.189	0.41	0.116	0.285
Chrissolo	Suffern	194		0.231	0.291	0.116	0.362
DavidStanley2013	Vancouver, Canada	196		0.284	0.341	0.12	0.255
Leer	Melbourne	197		0.244	0.334	0.119	0.302
iyorito	New York City, New York	198		0.345	0.217	0.119	0.319
looshi	nyc	199		0.245	0.326	0.116	0.314
TheEllerys	Plymouth, United Kingdom	201		0.388	0.181	0.12	0.31
JohnA	Bethpage, LI, NY	204		0.594	0.17	0.091	0.146
baylinerbabelol	Lakeland Fl	205		0.29	0.318	0.139	0.253
maviflo	Naples, Italy	206		0.116	0.166	0.067	0.651
Trix716D	New York City, New York	207		0.275	0.459	0.101	0.166
nonlodico	Paris, France	208		0.212	0.404	0.171	0.213
Amanjunky	New York City, New York	209		0.115	0.371	0.054	0.46
Lkdtrips	New York City, New York	210		0.236	0.297	0.089	0.379
Lawrence2300	Toronto	211		0.201	0.324	0.125	0.35
CarlisleJo	Perth West Aust	212		0.222	0.255	0.099	0.423
lovemyholidaysalot	London, United Kingdom	213		0.23	0.341	0.12	0.309
Tiburon09	Smyrna	214		0.285	0.392	0.074	0.25
TheMiamiUrbEx	Miami, Florida	218		0.247	0.358	0.091	0.304
zemlia	Zurich, Switzerland	219		0.152	0.335	0.331	0.183
PhilippeAD	Doha, Qatar	220		0.236	0.331	0.137	0.296
R0nus	Toronto, Ontario	221		0.25	0.322	0.101	0.327
machp	Austin, Texas	222		0.221	0.483	0.11	0.187
wherevaltrips	Chicago, Illinois	223		0.293	0.264	0.035	0.409
TasteLover2013	Zagreb, Croatia	225		0.249	0.338	0.116	0.297
Schnoodle123	Clifton Park, New York	226		0.251	0.307	0.112	0.33
ShaneDalton	Dublin, Ireland	228		0.23	0.351	0.11	0.309
Lisab	La Quinta, California	229		0.126	0.548	0.104	0.223
3pleC	New York City, New York	232		0.252	0.287	0.163	0.298
Izzy214Burlington_NJ	Burlington, NJ	233		0.205	0.3	0.196	0.298
Cvittles	New York	234		0.199	0.275	0.265	0.262
cab514	Simsbury, Connecticut	236		0.258	0.578	0.027	0.136
aDifferentCity	New York City, New York	237		0.272	0.424	0.098	0.206
IrishWeekender	Ireland	238		0.189	0.355	0.121	0.335
Jayjay72	Scotland	239		0.167	0.166	0.091	0.575
Blintzbaby	Nanaimo	242		0.138	0.291	0.13	0.44
parkers	Phillip Island, Australia	244		0.229	0.356	0.119	0.296
annw	San Francisco, California	245		0.202	0.355	0.151	0.291
ruby635	London, United Kingdom	248		0.135	0.384	0.164	0.317
Aussiefrommanly	Manly	250		0.226	0.373	0.12	0.282
AJLarkin	Washington DC, District of Columbia	251		0.159	0.447	0.177	0.217
193cat	Scotland	252		0.246	0.331	0.122	0.3
Tobysf	San Francisco	255		0.192	0.308	0.242	0.258
AmandaM	West Yorkshire	257		0.135	0.122	0.151	0.592
wwpalmer	Rio de Janeiro	258		0.439	0.34	0.079	0.142
RAAH0407	Caracas, Venezuela	259		0.257	0.306	0.114	0.323
LDstar	Reading, United Kingdom	261		0.251	0.32	0.117	0.312
AQ410	Scotland, United Kingdom	262		0.136	0.459	0.125	0.28
tmw0404	Atlanta, GA	264		0.251	0.176	0.234	0.339
RoxanneW	Portsmouth, New Hampshire	265		0.223	0.251	0.098	0.427
mickeyjunkie	New York	266		0.221	0.311	0.121	0.347
katie724	New York	267		0.205	0.313	0.191	0.292
JohnG	Ontario Canada	270		0.238	0.311	0.114	0.337
lilsct	New York City, New York	271		0.252	0.366	0.11	0.271
SurferPlymouth	Plymouth	272		0.23	0.346	0.118	0.306
cerveza930	Lagrange, NY	274		0.221	0.338	0.121	0.32
Janettate	Warrington, United Kingdom	276		0.245	0.326	0.118	0.31
jcbjr1294	Metairie, Louisiana	280		0.26	0.325	0.111	0.304
DavidWand	Nottingham, United Kingdom	286		0.223	0.354	0.118	0.305
GalileeGal	Karmiel, Israel	287		0.303	0.247	0.197	0.253
rokviking	Mililani, Hawaii	289		0.3	0.194	0.038	0.468
Anastaciahausen	Dacula, Georgia	290		0.306	0.384	0.093	0.216
shell202020	Norwalk, Connecticut	291		0.223	0.337	0.123	0.316
Peterisacksen	Manhattan Beach, California, USA	293		0.229	0.342	0.122	0.307
jcrane66	Prague, Czech Republic	296		0.427	0.212	0.111	0.25
KimMcMann	Stephentown, New York	297		0.231	0.343	0.119	0.308
aer8301	Houston, Texas	298		0.19	0.399	0.119	0.292
happytravelerfromnva	Northern Virginia	300		0.223	0.345	0.119	0.313
advocateonwheels	Washington, DC	301		0.241	0.289	0.14	0.33
lutzy	Vaucluse, Australia	302		0.216	0.382	0.125	0.277
TessicaW	Canterbury, United Kingdom	304		0.207	0.333	0.116	0.345
WorkFamilyFun	Ashburn, Virginia	305		0.269	0.262	0.187	0.282
Min_Wong	Brooklyn, NY USA	308		0.122	0.28	0.406	0.193
harty_11	United Kingdom	309		0.223	0.338	0.122	0.318
peergee	Colombo, Sri Lanka	310		0.184	0.391	0.132	0.294
Missxandpablo	Charlotte	311		0.25	0.269	0.126	0.355
foodforthought90	Sydney, Australia	312		0.245	0.367	0.119	0.269
MissBKLYN	New York	314		0.185	0.465	0.097	0.252
xinmichael	breda, netherlands	315		0.041	0.234	0.032	0.694
Lorac1965	Richmond, Virginia	317		0.245	0.342	0.119	0.293
PaulSnood	Miami, Florida, USA	318		0.222	0.334	0.123	0.321
FrankHosea	Shanghai	320		0.193	0.523	0.071	0.214
Reviewer269	London, England, United Kingdom	321		0.055	0.276	0.094	0.576
JoeC965	New York City, New York	326		0.172	0.328	0.114	0.386
MCPME	Pittsburgh	329		0.234	0.352	0.125	0.288
harmony11	Singapore	332		0.231	0.331	0.12	0.319
RenaA	Israel	333		0.161	0.369	0.114	0.357
Michellef	belfast	334		0.274	0.391	0.052	0.283
perthect	Perth, Australia	335		0.234	0.336	0.119	0.312
sunshineholiday123	London	336		0.239	0.319	0.126	0.316
Ainom	Vaasa, Finland	338		0.246	0.326	0.124	0.304
allefe	Chicago, Illinois	339		0.22	0.242	0.185	0.354
KatieO82	Geneva, Switzerland	344		0.359	0.199	0.118	0.324
bchborocapn	Virginia Beach, Virginia	345		0.224	0.349	0.119	0.308
fastwalker1	new york	347		0.229	0.319	0.127	0.325
WolverhamptonDave	Wolverhampton	348		0.156	0.269	0.127	0.448
ErinR	CO	351		0.232	0.334	0.11	0.325
Darwin_AustraliaJohn	Darwin, Australia	352		0.256	0.419	0.111	0.213
rahh	uk	354		0.204	0.29	0.101	0.405
Elizabethd	Truro, United Kingdom	355		0.324	0.221	0.214	0.241
katskills	SAT	357		0.238	0.345	0.117	0.3
goli455	Toronto, Canada	360		0.157	0.334	0.187	0.321
CaliforniaRipCurl	Modesto	361		0.244	0.291	0.163	0.302
RMH1960	Morris, Connecticut	363		0.525	0.108	0.135	0.232
Cathal_D5	Dublin	370		0.236	0.346	0.118	0.301
Bzeau	New Hampshire	371		0.243	0.332	0.113	0.311
Elyn	Pennsylvania	374		0.251	0.367	0.115	0.267
Txleegr	Hurst, Texas	375		0.172	0.313	0.168	0.347
dazzarapp	London, United Kingdom	377		0.181	0.548	0.09	0.182
the_siegel	London, United Kingdom	378		0.226	0.316	0.182	0.275
streacy82	Galway, Ireland	379		0.245	0.256	0.085	0.414
Capcityman	Washington, DC	380		0.335	0.314	0.102	0.249
gianniegall b	Boca Raton, Florida	384		0.147	0.309	0.225	0.318
JustLiz2	Brooklyn, New York	388		0.216	0.391	0.102	0.291
jkuteshoes	Vancouver, Canada	389		0.281	0.253	0.13	0.336
Janestevens	Rocky Mount, North Carolina	391		0.209	0.312	0.186	0.293
Northstar253	Windsor, California	392		0.204	0.348	0.149	0.299
mate0517	Lisle, Illinois	395		0.331	0.357	0.126	0.186
sarahm0rt	London, England, United Kingdom	397		0.165	0.306	0.107	0.422
Arlingtoniantravelle	Arlington, Virginia	399		0.218	0.329	0.12	0.333
RoseanneM	Morrisburg, Canada	400		0.184	0.519	0.095	0.202
rissa204	CA	401		0.24	0.335	0.117	0.308
FirstClass001	Toronto, Canada	402		0.229	0.34	0.119	0.312
WGross	Perth, Australia	403		0.23	0.364	0.115	0.291
herbertundannettew	Los Angeles, California	404		0.098	0.718	0.06	0.124
superdeluxe	Paris, France	408		0.223	0.329	0.121	0.326
mannyb02	Miami, Florida	409		0.177	0.269	0.167	0.386
CarolnIan	West Yorkshire	410		0.229	0.342	0.116	0.313
MaggieK	Phoenix, Arizona	411		0.236	0.343	0.117	0.304
NikhilManoshi	Pune	412		0.068	0.221	0.187	0.524
matt31	New York City, New York	416		0.224	0.343	0.131	0.302
VTwelltravelled	Middlebury, Vermont	417		0.188	0.379	0.127	0.305
g0t0ne	New York City, New York	418		0.208	0.3	0.139	0.353
Silke2015	Los Angeles, California	419		0.128	0.519	0.125	0.228
motoxfan	Scotland	420		0.258	0.266	0.13	0.346
GeraldGuterman	Palm Beach, Florida	421		0.071	0.131	0.049	0.748
RolandWorldTravels	Sydney, Australia	423		0.233	0.325	0.119	0.323
purple003	new orleans la	425		0.172	0.437	0.141	0.251
JWRDenver	denver	427		0.308	0.277	0.122	0.293
IraW_11	Raleigh, North Carolina	428		0.051	0.49	0.165	0.294
danicg	New York City, New York	431		0.369	0.07	0.061	0.5
Sarahbnyc83	New York	432		0.403	0.223	0.126	0.248
mariannes	London	434		0.267	0.324	0.111	0.298
schnuppse	Nuremberg, Germany	437		0.198	0.307	0.122	0.372
Talski37	Philadelphia, Pennsylvania	438		0.229	0.377	0.118	0.275
profesora42	Huntington Beach, CA	439		0.348	0.208	0.085	0.359
Perpetuatraveller	London, UK	440		0.208	0.409	0.151	0.231
Kristaaah	San Francisco, California	441		0.237	0.321	0.108	0.333
roadskolar	Takoma Park, MD	444		0.238	0.338	0.12	0.304
Martafco	Wickford, United Kingdom	445		0.234	0.354	0.122	0.289
RELLE6252	Brisbane, Australia	448		0.24	0.377	0.113	0.27
Sudarg	Sudarg	449		0.251	0.288	0.115	0.346
AmandaC	Hungerford, United Kingdom	450		0.204	0.197	0.099	0.5
JWM_Seet	Perth, Australia	452		0.211	0.276	0.117	0.395
PeterB	Oakham	453		0.157	0.597	0.091	0.155
ChrisS	Aberdeen, Scotland	454		0.208	0.258	0.117	0.417
ndmny	Austin, Texas	455		0.202	0.353	0.108	0.337
kfitzc	Boston, Ma	457		0.251	0.271	0.285	0.193
Angelicaw80	North Plainfield, New Jersey	458		0.23	0.387	0.124	0.259
emir08	Ireland	459		0.232	0.343	0.119	0.306
Sushila N	Chantilly, Virginia	460		0.384	0.386	0.068	0.162
Grahamwarrior	Wigan	461		0.193	0.432	0.133	0.242
Imrahil5000	Santa Barbara CA	462		0.29	0.328	0.109	0.273
lazydaysNyc	nyc	463		0.372	0.137	0.236	0.254
PETERMEX	MEXICO	467		0.218	0.399	0.069	0.314
SophiaFromWindsor	Windsor, Ont, Canada	471		0.173	0.264	0.126	0.438
DSW_TX	Texas	475		0.281	0.437	0.151	0.13
gul1957	Singapore, Singapore	479		0.307	0.295	0.138	0.259
MichaelaP	Karlstad, Sweden	481		0.169	0.283	0.114	0.434
CraigNewcastle	Newcastle, UK	482		0.232	0.343	0.119	0.306
Rose2li	Jerusalem	484		0.213	0.37	0.128	0.289
Roddles67	Brisbane, Australia	485		0.226	0.339	0.163	0.273
JackSara K	Plougasnou, France	486		0.27	0.357	0.072	0.301
LisaT	Orlando FL	489		0.145	0.333	0.121	0.401
80marty2016	Naples, Florida	491		0.551	0.195	0.101	0.153
midnight_warrior	Chicago, Illinois	492		0.142	0.159	0.096	0.604
jmainelli	New York City, New York	493		0.236	0.338	0.121	0.305
infoplatdujourco	Atlanta, Georgia	494		0.188	0.369	0.182	0.26
BostonNix	Cape Cod, Massachusetts	495		0.24	0.255	0.129	0.375
NYC-TRAV-FAM	New York City, New York	497		0.3	0.263	0.122	0.315
Flemse189541	Copenhagen, Denmark	499		0.342	0.114	0.073	0.471
165vacationmom123	Philadelphia, Pennsylvania	506		0.304	0.274	0.138	0.283
JillHer	dc	507		0.203	0.378	0.111	0.309
Cat761	Perth	509		0.222	0.363	0.114	0.301
michael77092	Houston, Tx	514		0.23	0.284	0.166	0.321
CutbertoParraNicolin	Mexico City, Mexico	515		0.242	0.292	0.133	0.333
ErinD	Enumclaw, WA	516		0.223	0.345	0.14	0.293
WyeRiver	Melbourne	518		0.093	0.671	0.032	0.204
rah53	Brooklyn, New York	519		0.047	0.115	0.288	0.55
cathyd	Jekyll Island, Georgia	521		0.604	0.222	0.053	0.121
TassieAusssie	Hobart, Australia	523		0.218	0.329	0.118	0.335
katpilch	Toledo, Ohio	524		0.228	0.401	0.096	0.275
tschauff	Sao Paulo, SP	525		0.218	0.373	0.108	0.301
Bar200	Dublin, Ireland	526		0.242	0.294	0.136	0.328
Yuhang_He	New York City, New York	527		0.246	0.33	0.126	0.297
Beaverhousen	Dallas, Texas	528		0.27	0.376	0.101	0.253
AriM	Austin, Texas	529		0.181	0.521	0.116	0.181
Hofstaetter	Wien	531		0.172	0.206	0.07	0.552
sharontognietti	Puerto Vallarta, Mexico	532		0.238	0.27	0.108	0.384
WH_VIP	West hartford, CT	534		0.253	0.268	0.13	0.349
lovethesunTamworth	tamworth	535		0.249	0.338	0.122	0.291
kaykuhns	North Canton	538		0.175	0.442	0.107	0.276
TheDotdog	Lafayette, Louisiana	539		0.242	0.303	0.136	0.318
mflower275	New York City, New York	541		0.243	0.39	0.122	0.245
tomgray347	Brooklyn New York, USA	542		0.196	0.271	0.227	0.305
jona1977	East Brunswick, NJ	543		0.251	0.2	0.062	0.486
traveller211	chicago	544		0.109	0.467	0.114	0.31
TDakin	Bridgewater, Canada	545		0.15	0.429	0.094	0.327
LolaSweden	sweden	547		0.186	0.342	0.112	0.36
schmusimausi73	small town	548		0.239	0.288	0.124	0.348
Dramatika	Moscow, Russia	553		0.396	0.39	0.017	0.196
EmilyK643	Atlanta, GA	555		0.234	0.335	0.119	0.311
Disco3QLD	Brisbane, Australia	556		0.143	0.226	0.135	0.496
BigDinNC	Pikeville, North Carolina	557		0.062	0.252	0.091	0.595
jfcox3	Carlisle PA	560		0.196	0.404	0.103	0.297
EastwestUSA	California	561		0.222	0.368	0.117	0.293
Elona E	Port of Spain, Trinidad	562		0.261	0.339	0.135	0.264
Mona77	Piacenza, Italy	563		0.292	0.397	0.08	0.231
OsloTelAviv	Tel Aviv	564		0.268	0.326	0.096	0.31
travelermir	Zug, Switzerland	565		0.216	0.39	0.111	0.283
cash808	Houston, Texas	566		0.141	0.488	0.084	0.287
swintontraveller	Manchester, UK	567		0.249	0.262	0.136	0.354
DJ	Princeton, New Jersey	568		0.226	0.3	0.137	0.337
10027	New York City, New York	569		0.228	0.373	0.111	0.288
KCS	Zurich, Switzerland	571		0.493	0.161	0.168	0.178
ADPFlorida	Florida	573		0.241	0.369	0.127	0.263
Alic	Everett	575		0.219	0.354	0.115	0.312
LvelyRita	Kansas City, Missouri	578		0.554	0.121	0.137	0.188
KBJ278	Chandler, Arizona, United States	579		0.232	0.333	0.123	0.313
CWH3	Philadelphia	580		0.231	0.342	0.119	0.307
choosyhampshire	Hampshire	581		0.265	0.334	0.094	0.307
VinayKumaran	Mumbai (Bombay), India	582		0.129	0.35	0.127	0.395
Mirony	Tel Aviv, Israel	583		0.341	0.281	0.076	0.302
tinkrbell365	New Jersey	586		0.187	0.316	0.106	0.391
Tigerfan0_0_12	Macomb, Michigan, United States	587		0.154	0.228	0.189	0.428
Monolekha B	Mishawaka, Indiana	588		0.097	0.535	0.185	0.184
Delilah123	New York	589		0.257	0.489	0.161	0.093
Ralpha	Harrow	597		0.236	0.275	0.085	0.404
fergy2	Baltimore	600		0.222	0.351	0.097	0.33
roddyrhino	North Yorkshire	602		0.093	0.561	0.11	0.235
brittyFSU	Orlando, FL	604		0.271	0.314	0.102	0.313
TravelDawg1966	Athens, Georgia	605		0.195	0.464	0.107	0.234
sherekhan_11	Chicago, Illinois	606		0.248	0.393	0.135	0.224
EmilyHHI	Cleveland, Ohio	607		0.249	0.337	0.12	0.294
ben_s00	Bloomfield Hills, MI	610		0.386	0.29	0.109	0.215
Frang	NYC	611		0.2	0.244	0.148	0.408
Shutz20	Galloway, New Jersey	613		0.234	0.365	0.114	0.287
clwwood	Gainesville, Georgia	614		0.155	0.362	0.127	0.356
jled	Long Beach, New York	615		0.267	0.354	0.123	0.255
LWMiller	Illinois City, Illinois	617		0.365	0.311	0.183	0.142
TerrythePotter	London	618		0.227	0.373	0.114	0.287
jackson55555	Ocean City, New Jersey	619		0.222	0.347	0.118	0.314
Jan-Steyn P	Port Elizabeth, South Africa	620		0.126	0.187	0.128	0.559
sussexguy	Sussex	621		0.233	0.345	0.101	0.322
schnauzer2mom	Northwestern Ohio	623		0.24	0.341	0.114	0.304
FeBrews	Bel Air, Maryland	626		0.251	0.329	0.12	0.301
UPIA	CA	630		0.3	0.498	0.075	0.127
Kersten H	Toronto, Canada	631		0.298	0.294	0.135	0.274
Sherr503	Manila, Philippines	634		0.143	0.509	0.131	0.217
CHrisCooper	Benbecula Island, United Kingdom	636		0.154	0.531	0.074	0.241
CABeachTraveler	California	637		0.236	0.305	0.123	0.336
Luke8842	Berkeley, California	638		0.226	0.369	0.116	0.288
HAPPYFTLAUDERDALE	NORTHERN NJ	641		0.141	0.389	0.108	0.361
KLM7920	Durham, United Kingdom	642		0.251	0.265	0.115	0.369
cq6000	Perth, Australia	643		0.18	0.402	0.123	0.295
disgustada	Mexico	644		0.236	0.351	0.11	0.303
massiek	Eugene, Oregon	647		0.227	0.31	0.124	0.339
gmhaggis	Oslo	649		0.355	0.298	0.131	0.217
945lh	New York City, New York	650		0.139	0.573	0.064	0.224
JB17MC	Madison, Wisconsin	651		0.229	0.341	0.123	0.308
JacquesA	Melbourne (Aus)	652		0.069	0.428	0.035	0.468
Elias77	Moscow, Russia	653		0.239	0.296	0.114	0.351
Badgersniff	Southampton, England, United Kingdom	655		0.225	0.295	0.13	0.35
BESTWESTERNFLORENCE	Florence, Kentucky	656		0.277	0.413	0.117	0.193
ScotchnSoda1	Greenville, SC	657		0.264	0.313	0.127	0.296
kemetsun	Brooklyn, New York	658		0.198	0.341	0.095	0.366
scoutie06	Illinois	659		0.213	0.41	0.125	0.252
TheInterpreter	Seattle, Washington	660		0.214	0.334	0.12	0.332
higheredteach	Arkansas	661		0.254	0.367	0.122	0.256
RobertWMich	South Lyon, Michigan	662		0.241	0.327	0.12	0.313
chadt	Atlanta, GA	663		0.187	0.327	0.133	0.352
Tawieboo	Springfield, Massachusetts	665		0.233	0.42	0.106	0.241
PTBear	Seattle, Washington	666		0.076	0.63	0.165	0.129
CJL	IN	667		0.206	0.159	0.234	0.402
Twiny1949	Springfield, Illinois	668		0.181	0.272	0.159	0.388
Traveler4Fun_99	State of Sao Paulo	669		0.231	0.354	0.112	0.304
rxnutt	Greenwood Village, CO	670		0.211	0.255	0.118	0.416
stroudcrowd	Ottawa, Canada	671		0.214	0.347	0.095	0.344
LXI777	Brussels, Belgium	674		0.583	0.098	0.119	0.199
snowflake74	Windsor, Canada	675		0.221	0.305	0.122	0.352
GCVZR	NJ	676		0.205	0.244	0.086	0.465
Timickus	Roanoke, Virginia	677		0.154	0.171	0.134	0.541
Tamster1977	Pfafftown, North Carolina	679		0.279	0.277	0.125	0.318
georgiatexan2015	Atlanta, Georgia	680		0.182	0.465	0.103	0.25
Jacky61	Amsterdam, The Netherlands	685		0.233	0.341	0.118	0.307
jean858	North Canton, OH	686		0.252	0.374	0.093	0.281
caseys	Milwaukee, WI	687		0.226	0.236	0.107	0.431
Simone2100	Bronx, New York	688		0.145	0.177	0.102	0.575
anitah	Honolulu, Hawaii	689		0.211	0.373	0.112	0.304
KNBP	Atlanta, Georgia	690		0.163	0.388	0.107	0.342
TXWayne	Allen, Texas	692		0.285	0.303	0.169	0.244
CathyMPennsylvania	Huntingdon Valley, Pa.	693		0.224	0.379	0.115	0.282
Swtlollyfine	Greensboro, North Carolina	697		0.153	0.5	0.094	0.253
MRSVICTORY	Lexington, South Carolina	699		0.197	0.443	0.084	0.275
champkis	Dublin, Ireland	700		0.167	0.352	0.111	0.371
CTCouple310	Oxford, Connecticut	702		0.232	0.343	0.119	0.306
LadyPerdita	London	703		0.198	0.322	0.135	0.345
Stanleythemanly	Melbourne, Australia	706		0.225	0.343	0.125	0.307
GStur	Brookline	708		0.211	0.414	0.117	0.257
seigmanfamily	Gettysburg, Pennsylvania, United States	710		0.243	0.271	0.122	0.364
phillyvoyagers	Pennsylvania	711		0.316	0.384	0.079	0.22
JannaC	Faribault, Minnesota	712		0.307	0.113	0.047	0.533
Greekbirder	Greekbirder	713		0.112	0.408	0.246	0.234
bigwuhead	Blairstown, New Jersey	714		0.324	0.169	0.331	0.176
Rleewin	Chapel Hill, North Carolina	715		0.23	0.341	0.116	0.314
kewpie1	Dover, NH	716		0.191	0.406	0.124	0.279
sbluesky225	Greensboro, NC	717		0.233	0.349	0.118	0.3
RobTor	toronto	718		0.254	0.256	0.159	0.331
MarshaToronto	Toronto	720		0.233	0.34	0.119	0.307
braumeister	Cincinnati, Ohio	721		0.222	0.331	0.121	0.326
constantraveler78	Central NY	722		0.232	0.251	0.135	0.381
LizCincinnatiOH	Cincinnati, OH	723		0.186	0.353	0.124	0.337
ashtaylon	Columbia, South Carolina	724		0.12	0.475	0.167	0.238
aeflow	Washington, DC	725		0.175	0.407	0.114	0.304
Steelcitygirl81	Charlottesville, VA	726		0.243	0.284	0.144	0.329
Diane_1964	Louisville, Kentucky	727		0.223	0.302	0.129	0.346
Rickee1368	Las Vegas	732		0.158	0.452	0.067	0.323
B271	Antibes	734		0.308	0.481	0.159	0.052
lollygal	New York City, New York	735		0.179	0.281	0.104	0.436
pmdaguet	George Town, Malaysia	736		0.436	0.179	0.174	0.21
Sexinthecity710	Asheville, North Carolina	737		0.232	0.346	0.12	0.302
Skihist	San Francisco, California	741		0.207	0.276	0.11	0.407
Dnb1234	Chicago, Illinois	744		0.209	0.429	0.118	0.245
PSicari	Washington DC, District of Columbia	745		0.232	0.344	0.116	0.308
vadiva30	Tampa, Florida	748		0.514	0.374	0.091	0.021
zippideedoodle	Paris	752		0.211	0.189	0.146	0.454
davesmithworcs	Worcester, United Kingdom	754		0.29	0.235	0.113	0.362
Mariana1405	Budapest, Hungary	759		0.215	0.345	0.104	0.336
INM30	KUWAIT	760		0.218	0.336	0.13	0.316
endis	Vilnius, Lithuania	761		0.395	0.236	0.147	0.223
Daffodil7404	Greensboro, NC	762		0.268	0.262	0.169	0.301
janette14	Hamilton, Canada	763		0.214	0.335	0.113	0.338
maf141	College Point	764		0.147	0.517	0.11	0.226
Rknee46	Orlando, Florida	766		0.163	0.349	0.139	0.349
gleeful_12	Manchester, United Kingdom	769		0.189	0.35	0.093	0.368
JCulp2014	Saint Louis, Missouri	771		0.234	0.339	0.12	0.307
pednurse	Wewoka, Oklahoma	772		0.367	0.256	0.062	0.316
tobyis	Geneva, Switzerland	773		0.258	0.341	0.114	0.287
barkja	Madison, Wisconsin	775		0.221	0.322	0.22	0.238
melhojo	New York City	776		0.091	0.651	0.146	0.112
DW67	Inverness, United Kingdom	777		0.179	0.176	0.214	0.431
8888mrl	Washington DC, District of Columbia	779		0.229	0.298	0.137	0.336
kthomasva	Norfolk, Virginia	780		0.224	0.297	0.131	0.348
bcanovas	Miami	781		0.205	0.314	0.127	0.353
Shirefamily	Sydney	782		0.234	0.349	0.115	0.302
Bart565	Groningen, The Netherlands	783		0.234	0.336	0.119	0.31
adeelr26	New York	784		0.252	0.462	0.095	0.192
jonrich87	Milwaukee, WI	785		0.201	0.484	0.084	0.231
geoffdogdoc	Virginia Beach	787		0.392	0.254	0.194	0.16
HelenaGuerra	Washington DC, District of Columbia	790		0.143	0.279	0.261	0.318
LAXrunner	Los Angeles, California	791		0.244	0.34	0.12	0.297
WendyWTN28	Selmer	792		0.228	0.338	0.121	0.313
Winyah	Southern USA	793		0.234	0.341	0.119	0.306
19Aloha76	Jacksonville, Florida	798		0.166	0.231	0.077	0.525
nikila752013	Newton, Massachusetts	800		0.225	0.328	0.124	0.323
cape123	Armidale, Australia	801		0.234	0.345	0.119	0.302
wynberg	Toronto, Ontario	802		0.184	0.319	0.13	0.367
chiefrbpc	East Hampstead, New Hampshire	805		0.177	0.285	0.1	0.438
desertgspgal	Scottsdale, Arizona	806		0.293	0.283	0.109	0.315
gomtneers	Telford, Tennessee	810		0.247	0.328	0.111	0.314
Ivoh	London	812		0.207	0.315	0.197	0.281
tmwillie	USA	813		0.088	0.161	0.25	0.502
lalee1149	Isle of Palms, South Carolina	814		0.245	0.338	0.12	0.297
1pickymommy	Virginia Beach, Virginia	815		0.191	0.243	0.103	0.463
cindycPasadena_MD	Woodstock, Maryland	817		0.225	0.38	0.114	0.282
BIGMACjr	New Jersey	819		0.293	0.176	0.128	0.403
Cm1515	San Antonio, Texas	820		0.294	0.269	0.109	0.328
adinarj	Saddle River, New Jersey	824		0.257	0.251	0.148	0.344
23AndMe	New York City, New York	825		0.448	0.253	0.075	0.224
julielbmccoy	Boston	826		0.224	0.318	0.114	0.344
lemontang3	Ottawa, Canada	827		0.135	0.485	0.117	0.262
Pixiedew	London	830		0.231	0.336	0.119	0.315
DonBong	Phnom Penh	831		0.393	0.278	0.179	0.149
Devon11	Alexandria, Virginia	834		0.324	0.284	0.129	0.263
globezipper	Brussels, Belgium	835		0.267	0.227	0.265	0.242
Adenine	Prather, California	836		0.467	0.268	0.076	0.189
MeLow4	Branchburg, New Jersey	837		0.265	0.288	0.11	0.337
w650dave	Silver Spring	839		0.232	0.337	0.118	0.312
NickSFCB	Lake Mary, Florida	840		0.222	0.351	0.125	0.302
Mskyyoung	Modesto, California	842		0.421	0.277	0.146	0.156
carolzd	Milwaukee, WI	844		0.145	0.572	0.102	0.181
SFO-tourist	San Francisco	845		0.237	0.511	0.069	0.183
Tucsontravel21	Tucson, AZ	847		0.228	0.286	0.098	0.387
CityLawyerLondon_UK	London, UK	848		0.232	0.344	0.119	0.305
jeanLochwinnoch	lochwinnoch	849		0.223	0.34	0.12	0.317
DCAficionado	DC	850		0.232	0.344	0.119	0.305
SelwaySteward	Mill City, Oregon	851		0.202	0.25	0.155	0.392
Darien2014	Charlotte, North Carolina	853		0.235	0.345	0.117	0.303
SallyandHarry	Melbourne, Vic	854		0.226	0.337	0.11	0.327
ColorOfTravel	Scottsdale, Arizona	855		0.239	0.367	0.103	0.29
Wandering2	Lancashire	858		0.242	0.297	0.131	0.33
CalebAyrScotland	Ayr Scotland	860		0.234	0.425	0.107	0.234
LarryN	Gilbert, Arizona	861		0.227	0.367	0.115	0.29
jvduren	Haarlem, Netherlands	862		0.253	0.325	0.122	0.301
Delta260	Melbourne, Australia	864		0.388	0.379	0.127	0.106
NewsyMom	New Leipzig, North Dakota	865		0.222	0.354	0.149	0.275
jcrc04	ayrshire,scotland	866		0.261	0.345	0.112	0.282
aussiesmithfamily	Melbourne, Australia	870		0.223	0.33	0.119	0.329
TravelerQ6843CP	Greenwich, Connecticut	871		0.157	0.314	0.128	0.401
novembre1965	London, United Kingdom	873		0.266	0.244	0.122	0.368
oliverudge	Devon, United Kingdom	874		0.244	0.336	0.093	0.327
SingingSeagull	Hillsborough, North Carolina	875		0.038	0.492	0.098	0.372
Vacation006	Sydney, Australia	876		0.12	0.468	0.129	0.283
Ursus_Polaris	Trondheim, Norway	877		0.35	0.246	0.088	0.316
jospanner	United Kingdom	880		0.242	0.339	0.117	0.302
ab1966	Maine	881		0.124	0.5	0.098	0.279
norme-ormond	Ormond Beach, Florida	882		0.235	0.342	0.113	0.31
ashthetraveler	Orlando, Florida	884		0.216	0.402	0.173	0.208
AMBUMAN41	BELFAST	885		0.192	0.419	0.158	0.231
travelnymom	New York	888		0.175	0.322	0.096	0.406
Shopping4fun	Buffalo, New York	889		0.368	0.191	0.046	0.395
Sharadd	Hyderabad, India	890		0.177	0.414	0.095	0.314
VicJen	Melbourne, Australia	891		0.236	0.338	0.117	0.308
SteveinPhilly	Philadelphia	893		0.295	0.449	0.041	0.215
lovetheunexpected	Cheshire UK	894		0.229	0.346	0.124	0.301
bsimosd	San Diego, California	895		0.239	0.327	0.12	0.314
Silvercouple	Lincolnshire UK	896		0.232	0.345	0.118	0.304
mgm858	Houston, Texas	897		0.232	0.398	0.113	0.256
Gjersee	Seattle	901		0.319	0.299	0.125	0.257
freqtravAarhus	Aarhus, Denmark	902		0.308	0.212	0.187	0.293
traveler38richmond	Richmond, Virginia	903		0.224	0.46	0.099	0.218
sbrown1988	Cypress, California	904		0.312	0.391	0.059	0.239
MiamiGringo	Miami	905		0.247	0.324	0.114	0.315
morl8tr	London, Canada	906		0.181	0.325	0.128	0.366
veedubmelb	London, United Kingdom	907		0.158	0.238	0.098	0.506
katdog	Phoenix, Arizona	908		0.24	0.366	0.217	0.177
delightfulsuprise	denver	909		0.233	0.342	0.119	0.306
CatoMtsio	Chania Town, Greece	912		0.176	0.519	0.129	0.177
CDUB409	Christiansburg, Virginia	913		0.271	0.439	0.062	0.228
soonerlaw	Dallas	914		0.261	0.311	0.125	0.304
dockalpesh	india	915		0.229	0.361	0.124	0.286
shoesareme	Vancouver, Canada	916		0.205	0.301	0.118	0.376
mirsar	Brussels, Belgium	917		0.218	0.392	0.107	0.284
Montclairian	Los Angeles, California	920		0.216	0.307	0.141	0.336
Ajitabh	Mumbai	922		0.24	0.331	0.117	0.312
stansnikki	Fort Collins CO	924		0.217	0.37	0.115	0.298
Kevin_Rdam	Rotterdam, The Netherlands	925		0.351	0.253	0.114	0.282
JLS300	Phoenix	926		0.277	0.238	0.121	0.364
dogon60	Bridgwater, United Kingdom	927		0.235	0.341	0.109	0.316
Kellynewmexico	New Mexico	928		0.237	0.356	0.119	0.287
Turista2000	DF	929		0.173	0.419	0.105	0.304
christianj	Baltimore	930		0.231	0.415	0.11	0.244
incu	Beausejour	931		0.198	0.361	0.125	0.317
draubacher	Redmond, Washington	932		0.167	0.39	0.105	0.339
jcwine	Boston, Massachusetts	934		0.333	0.214	0.145	0.308
NYAnatolia	New York, NY	939		0.246	0.332	0.137	0.285
CaptainLar64	westminster, md	940		0.283	0.298	0.124	0.295
Axel8807	Bridgewater, New Jersey	941		0.232	0.342	0.12	0.307
mambisa72	Los Angeles, California	942		0.267	0.24	0.119	0.375
talkative	London	944		0.214	0.149	0.11	0.527
Fernando1969	Monterrey, Mexico	945		0.039	0.339	0.115	0.508
worldie07	Atlanta	947		0.189	0.325	0.266	0.221
BobBrier	Washington DC, District of Columbia	948		0.233	0.33	0.124	0.312
LizzieG	London, United Kingdom	949		0.195	0.35	0.127	0.328
Mzee-Iron-Bird	Gloucester, United Kingdom	950		0.145	0.342	0.272	0.241
FlyingHigh060	Boston, Massachusetts	951		0.13	0.449	0.113	0.308
wachi60	Bangkok	952		0.247	0.237	0.084	0.432
MOE1229	Philadelphia, Pennsylvania	953		0.231	0.355	0.114	0.301
gltravfun	Dublin	954		0.412	0.338	0.096	0.154
SuzeeDee_11	Washington DC, District of Columbia	956		0.191	0.364	0.103	0.342
DaniV22	New Jersey	957		0.508	0.169	0.153	0.17
iTravel242	Ramsey, New Jersey	959		0.179	0.596	0.053	0.173
frugalarnie	Boston	960		0.224	0.354	0.129	0.293
Lisa_DHoboken	Hoboken, New Jersey	961		0.215	0.306	0.127	0.353
bravotangomike	Toms River, NJ	962		0.607	0.233	0.03	0.13
BronxSteve	New York, NY	965		0.221	0.292	0.155	0.331
biztraveller98	NYC	968		0.248	0.321	0.124	0.307
TcarlGren	Singapore	969		0.219	0.437	0.099	0.244
az_loves2travel	Prescott, Arizona	971		0.236	0.352	0.114	0.298
BobPhibbs	Coxsackie, New York	972		0.233	0.334	0.118	0.315
hc6219	NYC	973		0.305	0.206	0.09	0.399
504186Emma	South Shields, United Kingdom	974		0.156	0.288	0.04	0.516
Buttercup92	MetroWest Boston	975		0.331	0.32	0.103	0.247
179Mark	New York City, New York	976		0.231	0.343	0.119	0.306
GSNUSMC	Asheville, North Carolina	977		0.237	0.318	0.13	0.314
Eromero509	Moxee, Washington	980		0.089	0.55	0.108	0.253
Edsvilletraveler	Edwardsville, Il	981		0.279	0.307	0.142	0.273
Buttonwoodwriter	London	983		0.148	0.467	0.101	0.284
k2escott	philadelphia	985		0.252	0.338	0.122	0.288
biz_world-traveler_d	Kaufbeuren, Germany	987		0.187	0.293	0.124	0.397
rideeasy5	Atlantic City, New Jersey	989		0.298	0.188	0.117	0.397
shamrock4	Princeton, New Jersey	992		0.217	0.395	0.091	0.296
number5alive	usa	993		0.312	0.309	0.126	0.253
jjrpaul	Hillsdale, New Jersey	994		0.228	0.341	0.119	0.312
Gugawn	Dublin, Ireland	997		0.195	0.326	0.191	0.287
RichR	Hampden, MA	998		0.764	0.11	0.024	0.102
Miranda W	Cambridge, United Kingdom	1043		0.168	0.47	0.095	0.268
MWNEAL	Raleigh, North Carolina	1044		0.235	0.296	0.133	0.335
stephenb	Toronto, Ontario	1046		0.241	0.274	0.106	0.38
Ryan_90401	Santa Monica, California	1047		0.217	0.292	0.108	0.383
Jan Willem R	Bainbridge Island, Washington, United States	1048		0.212	0.316	0.115	0.357
KHib	Boston, Massachusetts	1049		0.202	0.473	0.105	0.22
Abruza	London, United Kingdom	1051		0.038	0.107	0.386	0.469
MJBOmaha_NE	Omaha, Nebraska	1053		0.45	0.24	0.115	0.195
susan262015	Melbourne, Australia	1054		0.238	0.364	0.119	0.278
SpanningTheGlobe	Austin, TX	1055		0.375	0.218	0.082	0.325
JoFo74UK	London, United Kingdom	1057		0.226	0.364	0.113	0.297
DanPGainesville	Gainesville	1058		0.239	0.077	0.077	0.607
SJS557	Winston Salem, North Carolina	1060		0.189	0.264	0.218	0.328
DanPedraza	Rocky River, Ohio	1061		0.279	0.312	0.108	0.301
cityorcountry	Boston, Massachusetts	1063		0.238	0.31	0.131	0.32
blklthrjkt	Dallas, Tx	1064		0.319	0.327	0.254	0.1
RBStPete	St. Petersburg, Florida	1065		0.067	0.375	0.028	0.53
thetripchick	Seattle, Washington	1066		0.23	0.357	0.104	0.309
LaneCalifornia	California	1067		0.144	0.326	0.155	0.374
lacoatrack	Washington DC, District of Columbia	1068		0.242	0.315	0.122	0.321
GAMACA	Canada	1069		0.238	0.332	0.12	0.31
Bazinga40	Sydney, Australia	1073		0.227	0.327	0.141	0.304
CosmicChic	Virginia	1076		0.233	0.238	0.099	0.43
EBTravelGirl	SF Bay Area	1077		0.258	0.31	0.134	0.298
isparkle7	Philadelphia, Pennsylvania	1078		0.322	0.278	0.076	0.324
travelinjep	San Antonio, Texas	1080		0.148	0.29	0.057	0.506
AmyOakPark	Claremont, California	1082		0.208	0.321	0.118	0.354
RollOnYouBears	Bay Area, CA	1083		0.63	0.228	0.075	0.066
DMark86	Colombo, Sri Lanka	1084		0.033	0.392	0.069	0.506
WDWFan1977	Long Island, NY	1089		0.225	0.331	0.124	0.32
bobalcorn5	Oakmont, Pennsylvania	1093		0.241	0.269	0.11	0.381
Bijon W	Boston, Massachusetts, United States	1094		0.151	0.202	0.109	0.538
JvdW	Pijnacker, The Netherlands	1095		0.241	0.381	0.114	0.263
macdru123	Baltimore, Maryland	1096		0.077	0.359	0.076	0.488
ombu	Cape Town Central, South Africa	1097		0.206	0.444	0.101	0.249
flyingdutchmannj	New Jersy	1098		0.217	0.215	0.084	0.484
MovingMolly	Ocean City, Maryland	1099		0.237	0.162	0.472	0.129
John19661966	Melbourne, Australia	1101		0.147	0.282	0.114	0.456
benl	annapolis	1102		0.278	0.223	0.106	0.393
roverirish	East Windsor, New Jersey	1105		0.195	0.237	0.295	0.273
sarahk72	Lancashire	1107		0.256	0.282	0.13	0.331
Biggiemac	Charles Town, West Virginia	1108		0.286	0.266	0.105	0.343
claireyl	UK	1110		0.235	0.347	0.121	0.297
Mulgogi	Paris, France	1115		0.205	0.293	0.262	0.24
carlac	chicago, illinois	1117		0.248	0.393	0.104	0.256
Suse1557	Melbourne, Australia	1118		0.257	0.336	0.127	0.28
Gregsari	Edison, New Jersey	1119		0.19	0.318	0.22	0.272
LarryGentry	San Francisco, California	1120		0.209	0.278	0.125	0.389
Siddles	Siddles	1121		0.231	0.358	0.12	0.292
ravyn7	Eastern US	1123		0.237	0.353	0.117	0.293
AineD16	Dublin, Ireland	1124		0.234	0.281	0.133	0.351
Moorak_5291	Melbourne, Australia	1125		0.224	0.346	0.119	0.312
mehtap3	Charlottesville, Virginia	1127		0.203	0.39	0.111	0.296
Antelope0206	Manchester, United Kingdom	1128		0.191	0.33	0.152	0.327
RSFinch3	New York City, New York	1129		0.212	0.219	0.191	0.377
Mersey88	Toronto, Canada	1130		0.223	0.357	0.12	0.299
meredithfarmer	Washington DC, District of Columbia	1132		0.316	0.304	0.072	0.308
lenaDubai	Paris, France	1133		0.12	0.579	0.104	0.197
TKENZ	Christchurch, New Zealand	1134		0.189	0.352	0.134	0.324
McBDenver_CO	Denver, CO	1135		0.304	0.374	0.108	0.214
AnnInPittsburgh	Pittsburgh	1136		0.283	0.443	0.038	0.237
luckyBaltimore	baltimore	1137		0.163	0.21	0.176	0.451
mongolovestogo	Ottawa, Canada	1138		0.165	0.379	0.151	0.304
kelwez	Bedfordshire	1139		0.233	0.326	0.125	0.316
NANT	Brussels, Belgium	1140		0.174	0.395	0.171	0.26
missylrp	nj	1141		0.352	0.197	0.111	0.34
RAHSJH	Boonton, New Jersey	1142		0.187	0.233	0.086	0.494
LolaBean55	Sandy, Utah	1143		0.278	0.335	0.126	0.261
X31GLDSTR	Lincoln, United Kingdom	1144		0.323	0.336	0.093	0.248
loongmun	Singapore, Singapore	1146		0.204	0.302	0.05	0.444
baloobear	London, United Kingdom	1148		0.279	0.201	0.127	0.393
Travelgirls J	Nashville	1149		0.096	0.254	0.133	0.517
murfb	Raleigh, North Carolina	1151		0.335	0.288	0.099	0.279
lvmb2009	Bath	1152		0.185	0.414	0.123	0.279
alih68	Port Glasgow, Scotland	1153		0.174	0.372	0.034	0.42
jayteel	Oldham, United Kingdom	1155		0.223	0.307	0.121	0.349
texasrambler_62	Austin	1156		0.197	0.404	0.155	0.243
SFSolo	San Francisco, California	1157		0.222	0.284	0.171	0.323
nemrac_coco	Singapore, Singapore	1158		0.189	0.391	0.109	0.311
KMKC08	NY/NJ	1159		0.119	0.359	0.208	0.313
auser1	Myrtle Beach, SC	1161		0.115	0.459	0.104	0.322
TinleyKing	Chicago, Illinois	1162		0.234	0.339	0.121	0.306
Reeper45	Cork, Ireland	1163		0.125	0.129	0.526	0.22
LegalChipmunk	Philadelphia, PA	1164		0.139	0.565	0.122	0.174
Ron56Tulsa	Tulsa, Oklahoma	1165		0.232	0.348	0.11	0.311
Lorenzo50	Austin	1166		0.229	0.358	0.128	0.286
357JenniferB	Greensboro, North Carolina, United States	1167		0.233	0.188	0.149	0.43
PirataGambrinus	Santiago, Chile	1169		0.271	0.291	0.119	0.319
bassodonte	Trieste, Italy	1170		0.28	0.283	0.114	0.323
PickyJerseyGirl	New Jersey	1171		0.228	0.345	0.12	0.307
pakalana	New England	1172		0.433	0.301	0.016	0.25
jones671	nyc	1174		0.459	0.271	0.128	0.142
raku8	Lake Placid, New York	1175		0.152	0.205	0.256	0.387
trinity__97	Hindhead, United Kingdom	1177		0.156	0.28	0.109	0.455
bluth-boi	ireland	1178		0.239	0.342	0.119	0.3
ThomasNYC2	New York City, New York	1181		0.229	0.36	0.14	0.271
NJluvtotravel	NJ	1182		0.358	0.223	0.112	0.308
sallyasea	Mundelein, Illinois	1183		0.152	0.228	0.106	0.515
FamilyJohn	Toronto, Canada	1185		0.109	0.623	0.111	0.157
drpoirier	Mass.	1190		0.211	0.446	0.106	0.237
